# M_IMBH = 1000 M_solar, rho0 = 226.00; gamma = 2.33
# First row contains values for alpha and r_t [pc]
# Remaining columns are: relative energy E [(km/s)^2], f(E) [(km/s)^-3 M_sun pc^-3]
0.000000000000000000e+00 9.999999999999999547e-07
4.751889919009340879e+00 3.618780121743274403e-02
4.857078307227426173e+00 3.804482831782180635e-02
4.964595157847734974e+00 4.000385391481647845e-02
5.074492013984963634e+00 4.207037379574293107e-02
5.186821559718191921e+00 4.425014885537182502e-02
5.301637645347405225e+00 4.654921454441301315e-02
5.418995313209096665e+00 4.897389037481095914e-02
5.538950824063325840e+00 5.153078944375860670e-02
5.661561684064881028e+00 5.422682793863926876e-02
5.786886672331488235e+00 5.706923463030333377e-02
5.914985869122261875e+00 6.006556030008505104e-02
6.045920684639923159e+00 6.322368708349558608e-02
6.179753888470587597e+00 6.655183768058642313e-02
6.316549639675233863e+00 7.005858442397502883e-02
6.456373517547278951e+00 7.375285816541868322e-02
6.599292553051013144e+00 7.764395694832813832e-02
6.745375260955948526e+00 8.174155442883941636e-02
6.894691672682512262e+00 8.605570801957290739e-02
7.047313369874800060e+00 9.059686672304056998e-02
7.203313518716512931e+00 9.537587862814671247e-02
7.362766905006509432e+00 1.004039980262150800e-01
7.525749970010792822e+00 1.056928921369665736e-01
7.692340847108125601e+00 1.112546474047772932e-01
7.862619399246836949e+00 1.171017753458943045e-01
8.036667257230771355e+00 1.232472179005242308e-01
8.214567858852747761e+00 1.297043523164589929e-01
8.396406488894276876e+00 1.364869955901963083e-01
8.582270320010715992e+00 1.436094080985153287e-01
8.772248454521466954e+00 1.510862971078995864e-01
8.966431967125242153e+00 1.589328194204409905e-01
9.164913948560883483e+00 1.671645835423116455e-01
9.367789550234659757e+00 1.757976513865698864e-01
9.575156029835440563e+00 1.848485393046129521e-01
9.787112797959617083e+00 1.943342186317279230e-01
1.000376146576810754e+01 2.042721157099298690e-01
1.022520589369831612e+01 2.146801113051493015e-01
1.045155224125436710e+01 2.255765396247069732e-01
1.068290901789953118e+01 2.369801867861441869e-01
1.091938713507518877e+01 2.489102887634318806e-01
1.116109995937128119e+01 2.613865290698274557e-01
1.140816336687377230e+01 2.744290358730808177e-01
1.166069579871516915e+01 2.880583787558044784e-01
1.191881831785466517e+01 3.022955652873081100e-01
1.218265466711519451e+01 3.171620371238081937e-01
1.245233132850522395e+01 3.326796658799918704e-01
1.272797758385368283e+01 3.488707489785963789e-01
1.300972557678711894e+01 3.657580050232613900e-01
1.329771037607875428e+01 3.833645692677848382e-01
1.359207004039989997e+01 4.017139890385272305e-01
1.389294568450468503e+01 4.208302188430044777e-01
1.420048154687986752e+01 4.407376158300144731e-01
1.451482505889211261e+01 4.614609351840183171e-01
1.483612691546597517e+01 4.830253254124656781e-01
1.516454114732641045e+01 5.054563241975096322e-01
1.550022519484043038e+01 5.287798541683940146e-01
1.584333998349331196e+01 5.530222187579270088e-01
1.619405000103559900e+01 5.782100989446595785e-01
1.655252337633784876e+01 6.043705493181166233e-01
1.691893195999084654e+01 6.315309957739921876e-01
1.729345140669005332e+01 6.597192323815224135e-01
1.767626125944369520e+01 6.889634194939275869e-01
1.806754503564495096e+01 7.192920815956643787e-01
1.846749031504936056e+01 7.507341065086177156e-01
1.887628882969974953e+01 7.833187445220095579e-01
1.929413655584174947e+01 8.170756076186806993e-01
1.972123380787399327e+01 8.520346704451339237e-01
2.015778533437795161e+01 8.882262707646073618e-01
2.060400041627350376e+01 9.256811108303779623e-01
2.106009296714732315e+01 9.644302594746972934e-01
2.152628163580214604e+01 1.004505154621833984e+00
2.200278991107605719e+01 1.045937606433221978e+00
2.248984622898204577e+01 1.088759800929997468e+00
2.298768408221926052e+01 1.133004304474416468e+00
2.349654213210844134e+01 1.178704068689647722e+00
2.401666432300509513e+01 1.225892435824768256e+00
2.454829999924534079e+01 1.274603144898317053e+00
2.509170402468053851e+01 1.324870338615578680e+00
2.564713690485795183e+01 1.376728570358596082e+00
2.621486491190594137e+01 1.430212812028344826e+00
2.679516021218367783e+01 1.485358462566553461e+00
2.738830099675650942e+01 1.542201356946303781e+00
2.799457161475962508e+01 1.600777775513048562e+00
2.861426270971375274e+01 1.661124453841461790e+00
2.924767135885838343e+01 1.723278593594519625e+00
2.989510121556935474e+01 1.787277873518346771e+00
3.055686265492900588e+01 1.853160460606712467e+00
3.123327292251860499e+01 1.920965022309927273e+00
3.192465628650450071e+01 1.990730739234238156e+00
3.263134419309090362e+01 2.062497317553869003e+00
3.335367542541380459e+01 2.136305002718139168e+00
3.409199626595211186e+01 2.212194593286395783e+00
3.484666066253395655e+01 2.290207454719979552e+00
3.561803039801777260e+01 2.370385534270534222e+00
3.640647526372949727e+01 2.452771376143430437e+00
3.721237323673888397e+01 2.537408136527536051e+00
3.803611066106004301e+01 2.624339599410972390e+00
3.887808243286314536e+01 2.713610192977583324e+00
3.973869218978597928e+01 2.805265005906512066e+00
4.061835250443605361e+01 2.899349803589319485e+00
4.151748508217607991e+01 2.995911046863136917e+00
4.243652096328775514e+01 3.094995907883944852e+00
4.337590072961067023e+01 3.196652288722168667e+00
4.433607471575525238e+01 3.300928839569230000e+00
4.531750322499126327e+01 3.407874976973759296e+00
4.632065674991518733e+01 3.517540902508686784e+00
4.734601619800241679e+01 3.629977622208238941e+00
4.839407312215220713e+01 3.745236966072386764e+00
4.946532995633588570e+01 3.863371607324041168e+00
5.056030025646177251e+01 3.984435082653088323e+00
5.167950894657143124e+01 4.108481812816622281e+00
5.282349257048610269e+01 4.235567122703366216e+00
5.399279954902355172e+01 4.365747262734619660e+00
5.518799044290857836e+01 4.499079429943640740e+00
5.640963822150337137e+01 4.635621789767172096e+00
5.765832853748657527e+01 4.775433497623114754e+00
5.893466000761275581e+01 4.918574721500632130e+00
6.023924449968662742e+01 5.065106663881771887e+00
6.157270742588973889e+01 5.215091584815067627e+00
6.293568804260050342e+01 5.368592825414157943e+00
6.432883975685095379e+01 5.525674831098850603e+00
6.575283043956723361e+01 5.686403175123590614e+00
6.720834274574396261e+01 5.850844583351518580e+00
6.869607444170615906e+01 6.019066958600516770e+00
7.021673873961545098e+01 6.191139405242953586e+00
7.177106463938090997e+01 6.367132254306773653e+00
7.335979727813835893e+01 6.547117089829456837e+00
7.498369828746592702e+01 6.731166774427519428e+00
7.664354615850710672e+01 6.919355475325559723e+00
7.834013661517589355e+01 7.111758691277088040e+00
8.007428299562340612e+01 7.308453280566284960e+00
8.184681664214869556e+01 7.509517487515142697e+00
8.365858729974077335e+01 7.715030970591283399e+00
8.551046352344260981e+01 7.925074831463548186e+00
8.740333309473258794e+01 8.139731643531925798e+00
8.933810344712324536e+01 8.359085480868886364e+00
9.131570210118097464e+01 8.583221948496376541e+00
9.333707710917541078e+01 8.812228212558970597e+00
9.540319750957144151e+01 9.046193030911263477e+00
9.751505379158217579e+01 9.285206784062108198e+00
9.967365837000531315e+01 9.529361507183335078e+00
1.018800460705703728e+02 9.778750922370614163e+00
1.041352746260293998e+02 1.003347047108952061e+01
1.064404251832297916e+02 1.029361734765343250e+01
1.087966028214115823e+02 1.055929053307112930e+01
1.112049370819774197e+02 1.083059082911476523e+01
1.136665825099896949e+02 1.110762089366120620e+01
1.161827192076547419e+02 1.139048527590978210e+01
1.187545534000586684e+02 1.167929045235718810e+01
1.213833180134264609e+02 1.197414486389386212e+01
1.240702732661814878e+02 1.227515895340869179e+01
1.268167072730886531e+02 1.258244520275411560e+01
1.296239366627714560e+02 1.289611817198686872e+01
1.324933072088978463e+02 1.321629453905544338e+01
1.354261944753379794e+02 1.354309313892882471e+01
1.384240044756041073e+02 1.387663500468436339e+01
1.414881743468871491e+02 1.421704340862993909e+01
1.446201730390141336e+02 1.456444390484786666e+01
1.478215020186564459e+02 1.491896437161874722e+01
1.510936959891261893e+02 1.528073505461613202e+01
1.544383236261069783e+02 1.564988861211651994e+01
1.578569883296698606e+02 1.602656015960065616e+01
1.613513289929361179e+02 1.641088731533949741e+01
1.649230207877560304e+02 1.680301024734210458e+01
1.685737759677789711e+02 1.720307172123961337e+01
1.723053446893002274e+02 1.761121714805097582e+01
1.761195158502786171e+02 1.802759463360829884e+01
1.800181179479261004e+02 1.845235502884597878e+01
1.840030199552820704e+02 1.888565198071864870e+01
1.880761322171906045e+02 1.932764198397500977e+01
1.922394073661112373e+02 1.977848443406801238e+01
1.964948412582029960e+02 2.023834168092843200e+01
2.008444739301290554e+02 2.070737908386366755e+01
2.052903905770416770e+02 2.118576506681537808e+01
2.098347225522155384e+02 2.167367117584754510e+01
2.144796483888092951e+02 2.217127213622482529e+01
2.192273948442455378e+02 2.267874591155061736e+01
2.240802379677082570e+02 2.319627376390332785e+01
2.290405041912706281e+02 2.372404031357360310e+01
2.341105714451771291e+02 2.426223360296696896e+01
2.392928702978128683e+02 2.481104515851834691e+01
2.445898851209075531e+02 2.537067005547930520e+01
2.500041552805325580e+02 2.594130698283236214e+01
2.555382763544619706e+02 2.652315831093349985e+01
2.611949013764819369e+02 2.711643015898997433e+01
2.669767421082432293e+02 2.772133246364261794e+01
2.728865703392677347e+02 2.833807905059572718e+01
2.789272192157326913e+02 2.896688770504858823e+01
2.851015845986691488e+02 2.960798024565006870e+01
2.914126264522246856e+02 3.026158259839917264e+01
2.978633702626577815e+02 3.092792487208017604e+01
3.044569084887424992e+02 3.160724143605939318e+01
3.111964020442807737e+02 3.229977099700333554e+01
3.180850818134303495e+02 3.300575668386981221e+01
3.251262501995760772e+02 3.372544611988745089e+01
3.323232827084885912e+02 3.445909151520374536e+01
3.396796295665271259e+02 3.520694974623160789e+01
3.471988173746632356e+02 3.596928244216343984e+01
3.548844507991177579e+02 3.674635607338401400e+01
3.627402142994221776e+02 3.753844204015774721e+01
3.707698738947337915e+02 3.834581676298187602e+01
3.789772789692480615e+02 3.916876177617475463e+01
3.873663641175761541e+02 4.000756382010463597e+01
3.959411510309740265e+02 4.086251493915230526e+01
4.047057504253229467e+02 4.173391257751065098e+01
4.136643640117896439e+02 4.262205967956911223e+01
4.228212865111078145e+02 4.352726479107226254e+01
4.321809077124490273e+02 4.444984216125085652e+01
4.417477145778693171e+02 4.539011184974226154e+01
4.515262933933391878e+02 4.634839983179618628e+01
4.615213319673880505e+02 4.732503810791337173e+01
4.717376218784209527e+02 4.832036481512879078e+01
4.821800607717800631e+02 4.933472433867027007e+01
4.928536547076548686e+02 5.036846742837515478e+01
5.037635205609656168e+02 5.142195131504828964e+01
5.149148884743702865e+02 5.249553983040046745e+01
5.263131043655765779e+02 5.358960352622468548e+01
5.379636324901451871e+02 5.470451980014551907e+01
5.498720580610353181e+02 5.584067301358019364e+01
5.620440899261296863e+02 5.699845465806593836e+01
5.744855633050324286e+02 5.817826340917038408e+01
5.872024425864476598e+02 5.938050533765914452e+01
6.002008241874821124e+02 6.060559400537876940e+01
6.134869394762396269e+02 6.185395061096072311e+01
6.270671577591172081e+02 6.312600413054122583e+01
6.409479893342160040e+02 6.442219145787217371e+01
6.551360886123544560e+02 6.574295756751209296e+01
6.696382573071632578e+02 6.708875562606746712e+01
6.844614476957979150e+02 6.846004717953508134e+01
6.996127659518296014e+02 6.985730229010187031e+01
7.150994755519149066e+02 7.128099969685001724e+01
7.309290007578733821e+02 7.273162697643778074e+01
7.471089301758523789e+02 7.420968070376018488e+01
7.636470203942640183e+02 7.571566661984367386e+01
7.805511997022651940e+02 7.725009979922973002e+01
7.978295718905443437e+02 7.881350482094865129e+01
8.154904201362437561e+02 8.040641594382648805e+01
8.335422109738784684e+02 8.202937728524317151e+01
8.519935983541572568e+02 8.368294299794779079e+01
8.708534277926465847e+02 8.536767746141872237e+01
8.901307406102805544e+02 8.708415546623820092e+01
9.098347782677201394e+02 8.883296240785004727e+01
9.299749867956765002e+02 9.061469448417489048e+01
9.505610213232960177e+02 9.242995888886041200e+01
9.716027507067875604e+02 9.427937401787703209e+01
9.931102622605091028e+02 9.616356967417358703e+01
1.015093866592783456e+03 9.808318727550916094e+01
1.037564102548756637e+03 1.000388800685397115e+02
1.060531742262684020e+03 1.020313133463919115e+02
1.084007796322031254e+03 1.040611646750380572e+02
1.108003519045912526e+03 1.061291241077099414e+02
1.132530413880358765e+03 1.082358944511981491e+02
1.157600238913021485e+03 1.103821914345057991e+02
1.183225012509948328e+03 1.125687440116090556e+02
1.209417019077136274e+03 1.147962945718194021e+02
1.236188814949620792e+03 1.170655991908117102e+02
1.263553234410938103e+03 1.193774278849301709e+02
1.291523395845811137e+03 1.217325648660792581e+02
1.320112708029055739e+03 1.241318088068092038e+02
1.349334876553687536e+03 1.265759731045769030e+02
1.379203910401324265e+03 1.290658861540103999e+02
1.409734128658030613e+03 1.316023916215444274e+02
1.440940167378827027e+03 1.341863487286953500e+02
1.472836986604147569e+03 1.368186325352573078e+02
1.505439877531631964e+03 1.395001342301042655e+02
1.538764469846640850e+03 1.422317614313509466e+02
1.572826739215071484e+03 1.450144384857389923e+02
1.607643014942021409e+03 1.478491067796771858e+02
1.643229987799985111e+03 1.507367250534145739e+02
1.679604718030339882e+03 1.536782697171478560e+02
1.716784643521951011e+03 1.566747351808267865e+02
1.754787588170817571e+03 1.597271341797939783e+02
1.793631770424785600e+03 1.628364981130359297e+02
1.833335812017371609e+03 1.660038773926311819e+02
1.873918746894955802e+03 1.692303417901170803e+02
1.915400030341570300e+03 1.725169807918035474e+02
1.957799548305679309e+03 1.758649039575331301e+02
2.001137626933415277e+03 1.792752413029683964e+02
2.045435042312847372e+03 1.827491436637393178e+02
2.090713030433943459e+03 1.862877830834612212e+02
2.136993297369030188e+03 1.898923532023322593e+02
2.184298029678562671e+03 1.935640696565895382e+02
2.232649905047285301e+03 1.973041705046771597e+02
2.282072103155811874e+03 2.011139165916369222e+02
2.332588316792861406e+03 2.049945920094363316e+02
2.384222763213483177e+03 2.089475045039129952e+02
2.437000195748701572e+03 2.129739859182421355e+02
2.490945915672151841e+03 2.170753926361580000e+02
2.546085784329421585e+03 2.212531060306278619e+02
2.602446235535839605e+03 2.255085329399310012e+02
2.660054288248750709e+03 2.298431061198883185e+02
2.718937559520285049e+03 2.342582847304436768e+02
2.779124277736851582e+03 2.387555548053697123e+02
2.840643296151705272e+03 2.433364297576360400e+02
2.903524106717074119e+03 2.480024508781669397e+02
2.967796854222464844e+03 2.527551878530786098e+02
3.033492350745972544e+03 2.575962392948510455e+02
3.100642090425419156e+03 2.625272332773686799e+02
3.169278264556533031e+03 2.675498278726777244e+02
3.239433777025310064e+03 2.726657116922643809e+02
3.311142260081996938e+03 2.778766044585610757e+02
3.384438090464243942e+03 2.831842575597602263e+02
3.459356405877167617e+03 2.885904546470007972e+02
3.535933121838205352e+03 2.940970122318303197e+02
3.614204948894891459e+03 2.997057802922762448e+02
3.694209410223689247e+03 3.054186429773332634e+02
3.775984859618470182e+03 3.112375189947657077e+02
3.859570499877150723e+03 3.171643624949275591e+02
3.945006401595343505e+03 3.232011635960236617e+02
4.032333522376028668e+03 3.293499490723047529e+02
4.121593726464451720e+03 3.356127830241065908e+02
4.212829804817654804e+03 3.419917675867249045e+02
4.306085495618310233e+03 3.484890436307767914e+02
4.401405505242565596e+03 3.551067914674648591e+02
4.498835529692121781e+03 3.618472315633679273e+02
4.598422276500690714e+03 3.687126252907419257e+02
4.700213487125387473e+03 3.757052756431502303e+02
4.804257959833776113e+03 3.828275280549674449e+02
4.910605573097549495e+03 3.900817711596819777e+02
5.019307309504044497e+03 3.974704376009966040e+02
5.130415280197116772e+03 4.049960048397156811e+02
5.243982749858932038e+03 4.126609959654467730e+02
5.360064162244871113e+03 4.204679805344458146e+02
5.478715166283619510e+03 4.284195754175760271e+02
5.599992642755024463e+03 4.365184456877620391e+02
5.723954731558494132e+03 4.447673055258329100e+02
5.850660859585013895e+03 4.531689190788482051e+02
5.980171769206135650e+03 4.617261014615148724e+02
6.112549547393648027e+03 4.704417196043062859e+02
6.247857655483740018e+03 4.793186932369450801e+02
6.386160959600132628e+03 4.883599958449513565e+02
6.527525761750611309e+03 4.975686557011369473e+02
6.672019831611920381e+03 5.069477568610872709e+02
6.819712439018255282e+03 5.165004401898236210e+02
6.970674387168923204e+03 5.262299043939813146e+02
7.124978046571073719e+03 5.361394071084969255e+02
7.282697389733869386e+03 5.462322659565777485e+02
7.443908026630499080e+03 5.565118596190882272e+02
7.608687240945333542e+03 5.669816290345581820e+02
7.777114027123371670e+03 5.776450785201656117e+02
7.949269128239840938e+03 5.885057769672503127e+02
8.125235074708076354e+03 5.995673589737301654e+02
8.305096223844248016e+03 6.108335260912007243e+02
8.488938800307874772e+03 6.223080480070577778e+02
8.676850937437624452e+03 6.339947638217608983e+02
8.868922719501957545e+03 6.458975833679110110e+02
9.065246224885195261e+03 6.580204884831189247e+02
9.265915570229492005e+03 6.703675343781479796e+02
9.471026955553945299e+03 6.829428509261023237e+02
9.680678710372472779e+03 6.957506440729043788e+02
9.894971340832547867e+03 7.087951971607717496e+02
1.011400757789740601e+04 7.220808724386822632e+02
1.033789242659489719e+04 7.356121124899300412e+02
1.056673321635632965e+04 7.493934417557991310e+02
1.080063965246980842e+04 7.634294680246852067e+02
1.103972386867246496e+04 7.777248838872501437e+02
1.128410048090688542e+04 7.922844684124480636e+02
1.153388664226749825e+04 8.071130885780995641e+02
1.178920209916325985e+04 8.222157010218036248e+02
1.205016924872355230e+04 8.375973536981673533e+02
1.231691319747492344e+04 8.532631875467731106e+02
1.258956182131647984e+04 8.692184381871393271e+02
1.286824582682314031e+04 8.854684376862180670e+02
1.315309881390576993e+04 9.020186162253680777e+02
1.344425733985841180e+04 9.188745039518424846e+02
1.374186098482325906e+04 9.360417328819858085e+02
1.404605241870477403e+04 9.535260380511148242e+02
1.435697746956499941e+04 9.713332631286724563e+02
1.467478519353301817e+04 9.894693549179486354e+02
1.499962794626164032e+04 1.007940372707557003e+03
1.533166145596616661e+04 1.026752486572328962e+03
1.567104489807979553e+04 1.045911980156870413e+03
1.601794097156163843e+04 1.065425252878004358e+03
1.637251597689389200e+04 1.085298822039859942e+03
1.673493989580558627e+04 1.105539325017984993e+03
1.710538647276104894e+04 1.126153521411688189e+03
1.748403329825239052e+04 1.147148295260584291e+03
1.787106189393542081e+04 1.168530657305365139e+03
1.826665779965047477e+04 1.190307747362902319e+03
1.867101066236939005e+04 1.212486836771859316e+03
1.908431432711143498e+04 1.235075330859564247e+03
1.950676692987179194e+04 1.258080771351457315e+03
1.993857099260708128e+04 1.281510838877555898e+03
2.037993352032348048e+04 1.305373355390219103e+03
2.083106610031420132e+04 1.329676286803744688e+03
2.129218500359327663e+04 1.354427745751497469e+03
2.176351128857510776e+04 1.379635994360492759e+03
2.224527090704888906e+04 1.405309446913212923e+03
2.273769481249891396e+04 1.431456672698131115e+03
2.324101907082266916e+04 1.458086398838571768e+03
2.375548497349983154e+04 1.485207512925826904e+03
2.428133915326629722e+04 1.512829066263996083e+03
2.481883370234904942e+04 1.540960276802982889e+03
2.536822629331780263e+04 1.569610532395734253e+03
2.592978030261229651e+04 1.598789393776257157e+03
2.650376493680380372e+04 1.628506597721964454e+03
2.709045536165157318e+04 1.658772060654080178e+03
2.769013283401613444e+04 1.689595880978574314e+03
2.830308483669260022e+04 1.720988342123535176e+03
2.892960521622863234e+04 1.752959919831649131e+03
2.956999432379344944e+04 1.785521279758055925e+03
3.022455915916452432e+04 1.818683285820559149e+03
3.089361351790218032e+04 1.852457001241346461e+03
3.157747814178178669e+04 1.886853693165621962e+03
3.227648087255598148e+04 1.921884835655458573e+03
3.299095680912058015e+04 1.957562114898150412e+03
3.372124846815955243e+04 1.993897431627503920e+03
3.446770594834598160e+04 2.030902906163899615e+03
3.523068709817811759e+04 2.068590882009750203e+03
3.601055768753000302e+04 2.106973929969896744e+03
3.680769158300024719e+04 2.146064852010058530e+03
3.762247092714199971e+04 2.185876685752433332e+03
3.845528632166042371e+04 2.226422709169514292e+03
3.930653701466549683e+04 2.267716444700832199e+03
4.017663109206979425e+04 2.309771663906939011e+03
4.106598567322308372e+04 2.352602392103964576e+03
4.197502711087783973e+04 2.396222912594648733e+03
4.290419119558041712e+04 2.440647771531661419e+03
4.385392336458752106e+04 2.485891782936862455e+03
4.482467891540679557e+04 2.531970033718924697e+03
4.581692322406449239e+04 2.578897888779629284e+03
4.683113196820473968e+04 2.626690996044195799e+03
4.786779135512725770e+04 2.675365291514512592e+03
4.892739835487341770e+04 2.724937004454488488e+03
5.001046093847096199e+04 2.775422662721920915e+03
5.111749832145353139e+04 2.826839098787373132e+03
5.224904121277022205e+04 2.879203454978563968e+03
5.340563206920518132e+04 2.932533189597014371e+03
5.458782535542907863e+04 2.986846082777046377e+03
5.579618780980692100e+04 3.042160241137764388e+03
5.703129871609046677e+04 3.098494105190301070e+03
5.829375018112365797e+04 3.155866454559000431e+03
5.958414741869656427e+04 3.214296414905925758e+03
6.090310903968213825e+04 3.273803464402651116e+03
6.225126734859559656e+04 3.334407439870924009e+03
6.362926864671849762e+04 3.396128543425726093e+03
6.503777354193275823e+04 3.458987348977997499e+03
6.647745726541326439e+04 3.523004807904702830e+03
6.794900999533060531e+04 3.588202260531850698e+03
6.945313718772010179e+04 3.654601437381920277e+03
7.099055991467354761e+04 3.722224470780123738e+03
7.256201521001860965e+04 3.791093899156133375e+03
7.416825642264951603e+04 3.861232677418814092e+03
7.581005357767931127e+04 3.932664182290071949e+03
7.748819374558651180e+04 4.005412220680995688e+03
7.920348141953321465e+04 4.079501038329479343e+03
8.095673890103622398e+04 4.154955327424377174e+03
8.274880669417395256e+04 4.231800235248628269e+03
8.458054390852103825e+04 4.310061371734786007e+03
8.645282867100165458e+04 4.389764818435575762e+03
8.836655854685975646e+04 4.470937136853729498e+03
9.032265096994795022e+04 4.553605377318120190e+03
9.232204368254142173e+04 4.637797089054249227e+03
9.436569518488744507e+04 4.723540328427403438e+03
9.645458519470610190e+04 4.810863667322772017e+03
9.858971511686357553e+04 4.899796211593115913e+03
1.007721085234400525e+05 4.990367583219770495e+03
1.030028116444266198e+05 5.082607971729539713e+03
1.052828938692832162e+05 5.176548111262261955e+03
1.076134482595992595e+05 5.272219303634478820e+03
1.099955920731027581e+05 5.369653428270891709e+03
1.124304672992685373e+05 5.468882949728006679e+03
1.149192412067840341e+05 5.569940932484455516e+03
1.174631069031314837e+05 5.672861048026196841e+03
1.200632839065594453e+05 5.777677588275535527e+03
1.227210187307143060e+05 5.884425476740549129e+03
1.254375854822136025e+05 5.993140280640169294e+03
1.282142864714472234e+05 6.103858221887890068e+03
1.310524528368994070e+05 6.216616189248749833e+03
1.339534451832907507e+05 6.331451750075023483e+03
1.369186542338460276e+05 6.448403163771994514e+03
1.399495014970019693e+05 6.567509394034856086e+03
1.430474399478706473e+05 6.688810123291465970e+03
1.462139547247906157e+05 6.812345763625760810e+03
1.494505638412954577e+05 6.938157471776171406e+03
1.527588189138429880e+05 7.066287161115929848e+03
1.561403059056535130e+05 7.196777518297139977e+03
1.595966458870134375e+05 7.329672014728295835e+03
1.631294958124106051e+05 7.465014922832036063e+03
1.667405493148692476e+05 7.602851330592412523e+03
1.704315375178716495e+05 7.743227156336746702e+03
1.742042298652509344e+05 7.886189163470033236e+03
1.780604349694548291e+05 8.031784976066469426e+03
1.820020014785866661e+05 8.180063095258809881e+03
1.860308189626393141e+05 8.331072915400427519e+03
1.901488188193469250e+05 8.484864740541626816e+03
1.943579752000881708e+05 8.641489801690682725e+03
1.986603059562876588e+05 8.801000274214349702e+03
2.030578736067626742e+05 8.963449287908402766e+03
2.075527863264875195e+05 9.128890958678975949e+03
2.121471989572430030e+05 9.297380394245728894e+03
2.168433140406383900e+05 9.468973718564404408e+03
2.216433828740002355e+05 9.643728089361391540e+03
2.265497065896343556e+05 9.821725927455627243e+03
2.315646372579803574e+05 1.000295388212373837e+04
2.366905790151814290e+05 1.018754495816429335e+04
2.419299892156187270e+05 1.037553642940898135e+04
2.472853796099558531e+05 1.056699091258475528e+04
2.527593175492614391e+05 1.076197217811431619e+04
2.583544272157861269e+05 1.096054517081737504e+04
2.640733908809841960e+05 1.116277603028289195e+04
2.699189501913830754e+05 1.136873211434226869e+04
2.758939074829160818e+05 1.157848202045781181e+04
2.820011271243525553e+05 1.179209561070418385e+04
2.882435368904606439e+05 1.200964403061069424e+04
2.946241293655718910e+05 1.223119974028862089e+04
3.011459633782130550e+05 1.245683653152958141e+04
3.078121654674948659e+05 1.268662955471759233e+04
3.146259313819617382e+05 1.292065534356387070e+04
3.215905276116192108e+05 1.315899184142518607e+04
3.287092929538775352e+05 1.340171842728398587e+04
3.359856401141530368e+05 1.364891598045668979e+04
3.434230573419068824e+05 1.390066671546848920e+04
3.510251101028962876e+05 1.415705459225130835e+04
3.587954427884434117e+05 1.441816496066547006e+04
3.667377804625407443e+05 1.468408478141277919e+04
3.748559306476307684e+05 1.495490261671704502e+04
3.831537851499159588e+05 1.523070865998750742e+04
3.916353219250728143e+05 1.551159476606130011e+04
4.003046069852701621e+05 1.579765448033930625e+04
4.091657963483927888e+05 1.608898306903502271e+04
4.182231380304219201e+05 1.638567755463753565e+04
4.274809740819148137e+05 1.668783674486131349e+04
4.369437426695652539e+05 1.699556126513340132e+04
4.466159802038412890e+05 1.730895360045316556e+04
4.565023235137201264e+05 1.762813510349328863e+04
4.666075120695675141e+05 1.795316110417973323e+04
4.769363902552140644e+05 1.828419080775575276e+04
4.874939096903353930e+05 1.862131746689962893e+04
4.982851316042366670e+05 1.896465335074543327e+04
5.093152292621836532e+05 1.931431279678575811e+04
5.205894904454442440e+05 1.967041224824919118e+04
5.321133199862277834e+05 2.003307029094943209e+04
5.438922423587383237e+05 2.040240769365963934e+04
5.559319043275825679e+05 2.077854744876912810e+04
5.682380776548092254e+05 2.116161481650898349e+04
5.808166618668598821e+05 2.155173735848239085e+04
5.936736870827809907e+05 2.194904499071859391e+04
6.068153169050361030e+05 2.235367001940652335e+04
6.202478513743100921e+05 2.276574718511062383e+04
6.339777299897214398e+05 2.318541370993460441e+04
6.480115347958892817e+05 2.361280934251753206e+04
6.623559935383422999e+05 2.404807643486864254e+04
6.770179828887633048e+05 2.449135987038062376e+04
6.920045317416407634e+05 2.494280727101428783e+04
7.073228245838895673e+05 2.540256901561980339e+04
7.229802049390630564e+05 2.587079817521909354e+04
7.389841788878064835e+05 2.634765066656956333e+04
7.553424186662398279e+05 2.683328527744513849e+04
7.720627663439942989e+05 2.732786372078895147e+04
7.891532375836658757e+05 2.783155068577589191e+04
8.066220254834950902e+05 2.834451389939408909e+04
8.244775045050936751e+05 2.886692416590671201e+04
8.427282344881320605e+05 2.939895544249635350e+04
8.613829647538871504e+05 2.994078488632622975e+04
8.804506382996304892e+05 3.049259291852995375e+04
8.999403960858612554e+05 3.105457551567561313e+04
9.198615814184424235e+05 3.162689502665154578e+04
9.402237444277484901e+05 3.220974296292962754e+04
9.610366466469455045e+05 3.280333692828934727e+04
9.823102656916353153e+05 3.340786265638149780e+04
1.004054800043080351e+06 3.402352144220403716e+04
1.026280673937310465e+06 3.465051828555620887e+04
1.048998542362457607e+06 3.528906196443387307e+04
1.072219296166711021e+06 3.593936509646048944e+04
1.095954067279342562e+06 3.660164421480641613e+04
1.120214234047303675e+06 3.727611984015888447e+04
1.145011426689964952e+06 3.796301655376763665e+04
1.170357532874579309e+06 3.866256307138644479e+04
1.196264703415187774e+06 3.937499232534240582e+04
1.222745358097665012e+06 4.010054153208263597e+04
1.249812191633710871e+06 4.083945227578103368e+04
1.277478179746641079e+06 4.159197058888309402e+04
1.305756585391889326e+06 4.235834703364913730e+04
1.334660965115222614e+06 4.313883680854161503e+04
1.364205175551674329e+06 4.393369974847875710e+04
1.394403380068366881e+06 4.474320052427249175e+04
1.425270055554364109e+06 4.556760870005091419e+04
1.456819999360832153e+06 4.640719875563045207e+04
1.489068336394823855e+06 4.726225024101386953e+04
1.522030526370094391e+06 4.813304785517777054e+04
1.555722371218422428e+06 4.901988154065301205e+04
1.590160022664983291e+06 4.992304658014043525e+04
1.625359989971430739e+06 5.084284369050278474e+04
1.661339147850345587e+06 5.177957912402183865e+04
1.698114744554912904e+06 5.273356477197800996e+04
1.735704410147658549e+06 5.370511826975246368e+04
1.774126164952222724e+06 5.469456310453366314e+04
1.813398428192227380e+06 5.570222871971482527e+04
1.853540026821368374e+06 5.672845062257300015e+04
1.894570204548990587e+06 5.777357049691838620e+04
1.936508631065416615e+06 5.883793631741408171e+04
1.979375411471527303e+06 5.992190246629114699e+04
2.023191095917056082e+06 6.102582985395047581e+04
2.067976689452241873e+06 6.215008603703871631e+04
2.113753662097560707e+06 6.329504534005826281e+04
2.160543959136359394e+06 6.446108897613768204e+04
2.208370011635331903e+06 6.564860517875655205e+04
2.257254747197868302e+06 6.685798932661942672e+04
2.307221600955471862e+06 6.808964408431583433e+04
2.358294526802427135e+06 6.934397953082142340e+04
2.410498008879217319e+06 7.062141329730130383e+04
2.463857073310106527e+06 7.192237070153097739e+04
2.518397300200558733e+06 7.324728489061571599e+04
2.574144835900229402e+06 7.459659698675821710e+04
2.631126405537406448e+06 7.597075624952919316e+04
2.689369325830944348e+06 7.737022017134062480e+04
2.748901518185748719e+06 7.879545471582206665e+04
2.809751522078198381e+06 8.024693439537547238e+04
2.871948508737842552e+06 8.172514258081627486e+04
2.935522295131962746e+06 8.323057115035835886e+04
3.000503358259696979e+06 8.476372158919292269e+04
3.066922849762583617e+06 8.632510425869256142e+04
3.134812610858523287e+06 8.791523901244161243e+04
3.204205187606313732e+06 8.953465527491815737e+04
3.275133846508119255e+06 9.118389221277410979e+04
3.347632590457245242e+06 9.286349892088092747e+04
3.421736175039008260e+06 9.457403460502834059e+04
3.497480125192405656e+06 9.631606876879559422e+04
3.574900752240617760e+06 9.809017520097066881e+04
3.654035171298501082e+06 9.989696319150975614e+04
3.734921319065405987e+06 1.017370156711751188e+05
3.817597972011895850e+06 1.036109514647692413e+05
3.902104764968978241e+06 1.055193944721148873e+05
3.988482210128897335e+06 1.074629800817515206e+05
4.076771716466501355e+06 1.094423553873194905e+05
4.167015609590522945e+06 1.114581793984820979e+05
4.259257152034295723e+06 1.135111232561279467e+05
4.353540563995624892e+06 1.156018704551051051e+05
4.449911044535761699e+06 1.177311100517797458e+05
4.548414793247625232e+06 1.198995661169817031e+05
4.649099032403729856e+06 1.221079524910520413e+05
4.752012029594280757e+06 1.243570079438776011e+05
4.857203120866485871e+06 1.266474730020289862e+05
4.964722734376034699e+06 1.289801149266102875e+05
5.074622414562140591e+06 1.313557103504151164e+05
5.186954846857720986e+06 1.337750440476522199e+05
5.301773882946556434e+06 1.362389362310451688e+05
5.419134566579598002e+06 1.387481997095547558e+05
5.539093159962642007e+06 1.413036651783969137e+05
5.661707170728229918e+06 1.439061870450827410e+05
5.787035379504548386e+06 1.465566317565970821e+05
5.915137868094610982e+06 1.492558817371371842e+05
6.046076048279213719e+06 1.520048353474427131e+05
6.179912691257478669e+06 1.548044086678798485e+05
6.316711957739096135e+06 1.576555326122376719e+05
6.456539428702681325e+06 1.605591575569912675e+05
6.599462136835059151e+06 1.635162493375987106e+05
6.745548598666374572e+06 1.665277927366160729e+05
6.894868847416668199e+06 1.695947842266015650e+05
7.047494466569491662e+06 1.727182586864760378e+05
7.203498624188714661e+06 1.758992477095932118e+05
7.362956107994985767e+06 1.791388140458568523e+05
7.525943361218625680e+06 1.824380293483176210e+05
7.692538519246242009e+06 1.857979958536297490e+05
7.862821447078406811e+06 1.892198263812040386e+05
8.036873777616654523e+06 1.927046775601889531e+05
8.214778950797927566e+06 1.962536886222852336e+05
8.396622253595322371e+06 1.998680576165059465e+05
8.582490860904293135e+06 2.035489771830455575e+05
8.772473877333931625e+06 2.072976763454686443e+05
8.966662379923319444e+06 2.111154031379536318e+05
9.165149461803454906e+06 2.150034238303862803e+05
9.368030276825776324e+06 2.189630470807533420e+05
9.575402085178393871e+06 2.229955729148025275e+05
9.787364300012277439e+06 2.271023606227622076e+05
1.000401853509947471e+07 2.312847654278834816e+05
1.022546865354631841e+07 2.355441837569307536e+05
1.045182081758494675e+07 2.398820336663502094e+05
1.068318353946700320e+07 2.442997550134207413e+05
1.091966773348402232e+07 2.487988278652846348e+05
1.116138676913914457e+07 2.533807479074932926e+05
1.140845652549603954e+07 2.580470342898898816e+05
1.166099544673082046e+07 2.627992441688717226e+05
1.191912459891366027e+07 2.676389592837705277e+05
1.218296772804735228e+07 2.725677854160168208e+05
1.245265131939061172e+07 2.775873768678778433e+05
1.272830465809455328e+07 2.826993967535667471e+05
1.301005989118142053e+07 2.879055458213193924e+05
1.329805209089539200e+07 2.932075599832496373e+05
1.359241931945548952e+07 2.986072016422469751e+05
1.389330269524210319e+07 3.041062739632891607e+05
1.420084646044851281e+07 3.097065916038726573e+05
1.451519805022997782e+07 3.154100410584568745e+05
1.483650816338350810e+07 3.212185098075401620e+05
1.516493083459218778e+07 3.271339332540277974e+05
1.550062350826887041e+07 3.331582831527949311e+05
1.584374711403415538e+07 3.392935592798906728e+05
1.619446614386548102e+07 3.455418054556073621e+05
1.655294873095384426e+07 3.519051026666262769e+05
1.691936673030612245e+07 3.583855750712416484e+05
1.729389580113162100e+07 3.649853742991987965e+05
1.767671549105234444e+07 3.717067032708121114e+05
1.806800932217735797e+07 3.785517907056784024e+05
1.846796487908243760e+07 3.855229175990992226e+05
1.887677389873748645e+07 3.926224047108651721e+05
1.929463236242416129e+07 3.998526255368692218e+05
1.972174058968862146e+07 4.072159784967167070e+05
2.015830333437380195e+07 4.147149138681685436e+05
2.060452988277754188e+07 4.223519345000911271e+05
2.106063415398351848e+07 4.301295757871478563e+05
2.152683480241309106e+07 4.380504301318154903e+05
2.200335532264747471e+07 4.461171300543296384e+05
2.249042415656980127e+07 4.543323722882787115e+05
2.298827480287936702e+07 4.626988818057617755e+05
2.349714592902983353e+07 4.712194521456625662e+05
2.401728148564540222e+07 4.798969114463818842e+05
2.454893082346966863e+07 4.887341518261854653e+05
2.509234881290331855e+07 4.977341161698135547e+05
2.564779596618787572e+07 5.068997981215174659e+05
2.621553856229410693e+07 5.162342542078141705e+05
2.679584877457522601e+07 5.257405879949165974e+05
2.738900480124530196e+07 5.354219651923323981e+05
2.799529099874649569e+07 5.452816100513293641e+05
2.861499801806826890e+07 5.553228081826043781e+05
2.924842294408420101e+07 5.655488895656049717e+05
2.989586943797320873e+07 5.759632738876985386e+05
3.055764788279334083e+07 5.865694194225701503e+05
3.123407553227832168e+07 5.973708599277671892e+05
3.192547666292725876e+07 6.083711934744110331e+05
3.263218272946163639e+07 6.195740792214225512e+05
3.335453252372323349e+07 6.309832458450489212e+05
3.409287233708945662e+07 6.426024903770759702e+05
3.484755612648394704e+07 6.544356850740804803e+05
3.561894568406198919e+07 6.664867716913786717e+05
3.640741081065211445e+07 6.787597570796803338e+05
3.721332949303697050e+07 6.912587285052146763e+05
3.803708808515881747e+07 7.039878490178051870e+05
3.887908149333553761e+07 7.169513498795666965e+05
3.973971336557726562e+07 7.301535544350027340e+05
4.061939628509348631e+07 7.435988550804564729e+05
4.151855196808361262e+07 7.572917281485325657e+05
4.243761146590591222e+07 7.712367317043524235e+05
4.337701537172161043e+07 7.854385089734666981e+05
4.433721403171367198e+07 7.999017859712146455e+05
4.531866776098032296e+07 8.146313800689614145e+05
4.632184706420843303e+07 8.296321959329859819e+05
4.734723286123140156e+07 8.449092230273899622e+05
4.839531671758000553e+07 8.604675511780426605e+05
4.946660108013682067e+07 8.763123590652056737e+05
5.056159951800707728e+07 8.924489212992198300e+05
5.168083696872150153e+07 9.088826092164560687e+05
5.282484998988894373e+07 9.256188919177388307e+05
5.399418701642028987e+07 9.426633516810440924e+05
5.518940862344506383e+07 9.600216512141677085e+05
5.641108779504924268e+07 9.776995732552481350e+05
5.765981019896117598e+07 9.957030035075085470e+05
5.893617446731820703e+07 1.014037933379444992e+06
6.024079248364835232e+07 1.032710468904865789e+06
6.157428967620445043e+07 1.051726827954299049e+06
6.293730531779234111e+07 1.071093337595208082e+06
6.433049283223467320e+07 1.090816448922092095e+06
6.575452010762001574e+07 1.110902725406979909e+06
6.721006981648537517e+07 1.131358853998259176e+06
6.869783974308651686e+07 1.152191646118407836e+06
7.021854311791262031e+07 1.173408037578670075e+06
7.177290895960605145e+07 1.195015089825128438e+06
7.336168242445062101e+07 1.217019997541476274e+06
7.498562516359621286e+07 1.239430086173544405e+06
7.664551568819168210e+07 1.262252816416600719e+06
7.834214974259875715e+07 1.285495784777160734e+06
8.007634068586917222e+07 1.309166735960137099e+06
8.184891988166522980e+07 1.333273536311799660e+06
8.366073709681203961e+07 1.357824223846531240e+06
8.551266090867200494e+07 1.382826971344235353e+06
8.740557912153695524e+07 1.408290092333364766e+06
8.934039919223836064e+07 1.434222072599896928e+06
9.131804866517716646e+07 1.460631543120925548e+06
9.333947561698529124e+07 1.487527298191798618e+06
9.540564911102931201e+07 1.514918285087002208e+06
9.751755966197524965e+07 1.542813633465810912e+06
9.967621971063706279e+07 1.571222620531874942e+06
1.018826641093365699e+08 1.600154706383923767e+06
1.041379506180061698e+08 1.629619522838620236e+06
1.064431604112762511e+08 1.659626882731551072e+06
1.087993985967847109e+08 1.690186771085818997e+06
1.112077947449593246e+08 1.721309363897126168e+06
1.136695034305321276e+08 1.753005022063483950e+06
1.161857047860339731e+08 1.785284297892027535e+06
1.187576050675485730e+08 1.818157934879801469e+06
1.213864372329827845e+08 1.851636884467752883e+06
1.240734615331446379e+08 1.885732280099301599e+06
1.268199661159007102e+08 1.920455482454153942e+06
1.296272676437070966e+08 1.955818052887445549e+06
1.324967119248153567e+08 1.991831750742370961e+06
1.354296745584429801e+08 2.028508577134659048e+06
1.384275615942339599e+08 2.065860738751522033e+06
1.414918102063086331e+08 2.103900674418580253e+06
1.446238893822431862e+08 2.142641043792141136e+06
1.478253006272913814e+08 2.182094743005727418e+06
1.510975786842037737e+08 2.222274909673334099e+06
1.544422922689750791e+08 2.263194918418540619e+06
1.578610448228779733e+08 2.304868391276645940e+06
1.613554752811502516e+08 2.347309207607238553e+06
1.649272588586882651e+08 2.390531489389092661e+06
1.685781078531428576e+08 2.434549629014498554e+06
1.723097724657823145e+08 2.479378280309455935e+06
1.761240416405358016e+08 2.525032368337583262e+06
1.800227439216036201e+08 2.571527087025713176e+06
1.840077483300510347e+08 2.618877925179618411e+06
1.880809652598140836e+08 2.667100632657482754e+06
1.922443473935282528e+08 2.716211273755026050e+06
1.964998906386421621e+08 2.766226201088703237e+06
2.008496350842408240e+08 2.817162047371731140e+06
2.052956659790618718e+08 2.869035785558834672e+06
2.098401147311483026e+08 2.921864679812708870e+06
2.144851599296422005e+08 2.975666323770787101e+06
2.192330283891883492e+08 3.030458621402817778e+06
2.240859962174570262e+08 3.086259813947332557e+06
2.290463899063063860e+08 3.143088480976309162e+06
2.341165874470853508e+08 3.200963539587420877e+06
2.392990194706398845e+08 3.259904255205062218e+06
2.445961704125393331e+08 3.319930259117613081e+06
2.500105797041108310e+08 3.381061524023145437e+06
2.555448429898289442e+08 3.443318405773830134e+06
2.612016133716532588e+08 3.506721629968734458e+06
2.669836026809213161e+08 3.571292306130601093e+06
2.728935827783803940e+08 3.637051922642474528e+06
2.789343868830142021e+08 3.704022389087159187e+06
2.851089109302670360e+08 3.772225974660468753e+06
2.914201149603520036e+08 3.841685405987532809e+06
2.978710245372717977e+08 3.912423800809145905e+06
3.044647321992697716e+08 3.984464708796472289e+06
3.112043989413756728e+08 4.057832110317047220e+06
3.180932557307693362e+08 4.132550431191280484e+06
3.251346050557010770e+08 4.208644554882407188e+06
3.323318225086803436e+08 4.286139803018664010e+06
3.396883584047303796e+08 4.365061976524628699e+06
3.472077394354439974e+08 4.445437352239441127e+06
3.548935703596735001e+08 4.527292685855604708e+06
3.627495357316327691e+08 4.610655224240867421e+06
3.707794016672521234e+08 4.695552734976220876e+06
3.789870176496483088e+08 4.782013464397829957e+06
3.873763183745383024e+08 4.870066203305268660e+06
3.959513256365274191e+08 4.959740264822633006e+06
4.047161502571280599e+08 5.051065505624452606e+06
4.136749940554826260e+08 5.144072316047426313e+06
4.228321518626841903e+08 5.238791690842545591e+06
4.321920135807117820e+08 5.335255109230307862e+06
4.417590662869256735e+08 5.433494731170245446e+06
4.515378963851472735e+08 5.533543247341515496e+06
4.615331918043739796e+08 5.635433965258870274e+06
4.717497442461375594e+08 5.739200801511269994e+06
4.821924514816381335e+08 5.844878301906656474e+06
4.928663196997092366e+08 5.952501661470836028e+06
5.037764659067568779e+08 6.062106692271769978e+06
5.149281203798445463e+08 6.173729887037148699e+06
5.263266291740490794e+08 6.287408409212071449e+06
5.379774566853530407e+08 6.403180101376752369e+06
5.498861882702357769e+08 6.521083497711461969e+06
5.620585329232842922e+08 6.641157875842077658e+06
5.745003260140538216e+08 6.763443180979302153e+06
5.872175320845127106e+08 6.887980135571637191e+06
6.002162477084335089e+08 7.014810197869773023e+06
6.135027044140455723e+08 7.143975596765082330e+06
6.270832716714223623e+08 7.275519311358095147e+06
6.409644599459577799e+08 7.409485179560768418e+06
6.551529238194730282e+08 7.545917730062901042e+06
6.696554651803871393e+08 7.684862441013685428e+06
6.844790364845044613e+08 7.826365550459634513e+06
6.996307440880111456e+08 7.970474166651966050e+06
7.151178516542096138e+08 8.117236259709305130e+06
7.309477836357098818e+08 8.266700688211745583e+06
7.471281288336569071e+08 8.418917231689695269e+06
7.636666440357933044e+08 8.573936539493283257e+06
7.805712577350053787e+08 8.731810225141976029e+06
7.978500739302297831e+08 8.892590850606633350e+06
8.155113760114670992e+08 9.056331938793707639e+06
8.335636307307927608e+08 9.223087988226052374e+06
8.520154922613048553e+08 9.392914554477369413e+06
8.708758063458706141e+08 9.565868130658149719e+06
8.901536145377647877e+08 9.742006313753366470e+06
9.098581585351229906e+08 9.921387739823978394e+06
9.299988846114012003e+08 1.010407212834684551e+07
9.505854481438486576e+08 1.029012028602241911e+07
9.716277182422804832e+08 1.047959417090190202e+07
9.931357824802751541e+08 1.067255684154258110e+07
1.015119951731101990e+09 1.086907254510086030e+07
1.037590765110736728e+09 1.106920670724364370e+07
1.060558995030236483e+09 1.127302595000258461e+07
1.084035652360019922e+09 1.148059812177670747e+07
1.108031991708397388e+09 1.169199232365990244e+07
1.132559516817011595e+09 1.190727896504595317e+07
1.157629986075669050e+09 1.212652967721468210e+07
1.183255418159247160e+09 1.234981746165665425e+07
1.209448097789428949e+09 1.257721665847636014e+07
1.236220581623905182e+09 1.280880296812953800e+07
1.263585704276023865e+09 1.304465346762207709e+07
1.291556584467606306e+09 1.328484673598278128e+07
1.320146631318042278e+09 1.352946267054108158e+07
1.349369550772549629e+09 1.377858273440194689e+07
1.379239352172727108e+09 1.403228985883060098e+07
1.409770354972612381e+09 1.429066850792073272e+07
1.440977195603321075e+09 1.455380468350569531e+07
1.472874834489733934e+09 1.482178601139407046e+07
1.505478563222414970e+09 1.509470168903018907e+07
1.538804011888379812e+09 1.537264257340836711e+07
1.572867156564044714e+09 1.565570119818104431e+07
1.607684326974131584e+09 1.594397180192964897e+07
1.643272214320048809e+09 1.623755033403929695e+07
1.679647879281562090e+09 1.653653452908752486e+07
1.716828760195656300e+09 1.684102397456486523e+07
1.754832681416346073e+09 1.715111997773936391e+07
1.793677861859648228e+09 1.746692578884175792e+07
1.833382923737596035e+09 1.778854655073399842e+07
1.873966901485705137e+09 1.811608933101880923e+07
1.915449250887940407e+09 1.844966313731664792e+07
1.957849858403787613e+09 1.878937911887862906e+07
2.001189050701713800e+09 1.913535026589899883e+07
2.045487604403661013e+09 1.948769180143629014e+07
2.090766756045324564e+09 1.984652101815440878e+07
2.137048212256792068e+09 2.021195737645011023e+07
2.184354160168674946e+09 2.058412251291289926e+07
2.232707278048454285e+09 2.096314036479964480e+07
2.282130746172406197e+09 2.134913707484377921e+07
2.332648257938100338e+09 2.174224115899307281e+07
2.384284031222883701e+09 2.214258347504061833e+07
2.437062819993892670e+09 2.255029734692802653e+07
2.491009926174921513e+09 2.296551844172582030e+07
2.546151211776134968e+09 2.338838500319622830e+07
2.602513111292121887e+09 2.381903787880145013e+07
2.660122644374550819e+09 2.425762035535891727e+07
2.719007428785245895e+09 2.470427846386759356e+07
2.779195693635986328e+09 2.515916091165237874e+07
2.840716292921499729e+09 2.562241913046205416e+07
2.903598719351853371e+09 2.609420729048036784e+07
2.967873118491222382e+09 2.657468260079051182e+07
3.033570303209451675e+09 2.706400486343345046e+07
3.100721768453707695e+09 2.756233704624345899e+07
3.169359706346920967e+09 2.806984504023522139e+07
3.239517021620641232e+09 2.858669780359999463e+07
3.311227347389383793e+09 2.911306737375270575e+07
3.384525061274161816e+09 2.964912887346686423e+07
3.459445301883061409e+09 3.019506120739653334e+07
3.536023985656430244e+09 3.075104565649839863e+07
3.614297824085177898e+09 3.131726745044884831e+07
3.694304341309987545e+09 3.189391513539429381e+07
3.776081892110349655e+09 3.248118063210541382e+07
3.859669680291554451e+09 3.307925944345794246e+07
3.945107777478933811e+09 3.368835078317590058e+07
4.032437142327983379e+09 3.430865730340528488e+07
4.121699640159712791e+09 3.494038554256054759e+07
4.212938063030816555e+09 3.558374582497628033e+07
4.306196150247867584e+09 3.623895232907270640e+07
4.401518609335887909e+09 3.690622308863218129e+07
4.498951137470806122e+09 3.758578048882377893e+07
4.598540443386609077e+09 3.827785050570544600e+07
4.700334269767252922e+09 3.898266364971178770e+07
4.804381416134246826e+09 3.970045454464264959e+07
4.910731762241064072e+09 4.043146215598872304e+07
5.019436291985124588e+09 4.117592980318076164e+07
5.130547117849417686e+09 4.193410522507157922e+07
5.244117505884835243e+09 4.270624129061946273e+07
5.360201901245834351e+09 4.349259455649241060e+07
5.478855954291148186e+09 4.429342695387328416e+07
5.600136547262259483e+09 4.510900513262309134e+07
5.724101821552658081e+09 4.593960055359730870e+07
5.850811205580393791e+09 4.678548971161744744e+07
5.980325443277989388e+09 4.764695438298189640e+07
6.112706623212626457e+09 4.852428114836170524e+07
6.248018208351339340e+09 4.941776218812496960e+07
6.386325066484679222e+09 5.032769491675336659e+07
6.527693501324236870e+09 5.125438228011003882e+07
6.672191284288281441e+09 5.219813263774832338e+07
6.819887686990998268e+09 5.315926053788697720e+07
6.970853514451197624e+09 5.413808557217036933e+07
7.125161139035713196e+09 5.513493377098900080e+07
7.282884535154627800e+09 5.615013697052851319e+07
7.444099314724054337e+09 5.718403314958355576e+07
7.608882763414403915e+09 5.823696644865155220e+07
7.777313877700553894e+09 5.930928733032104373e+07
7.949473402732639313e+09 6.040135320261798799e+07
8.125443871044834137e+09 6.151352716336576641e+07
8.305309642120996475e+09 6.264617958893167228e+07
8.489156942836467743e+09 6.379968762111128122e+07
8.677073908794599533e+09 6.497443519706672430e+07
8.869150626578853607e+09 6.617081337718839943e+07
9.065479176939647675e+09 6.738922067529286444e+07
9.266153678937711716e+09 6.863006244721591473e+07
9.471270335064258575e+09 6.989375188809716702e+07
9.680927477359928131e+09 7.118070968571354449e+07
9.895225614555006027e+09 7.249136429763528705e+07
1.011426748025257492e+10 7.382615184183348715e+07
1.033815808217886543e+10 7.518551721832905710e+07
1.056700475252319717e+10 7.656991240899521112e+07
1.080091719939284134e+10 7.797979855588783324e+07
1.104000755940650749e+10 7.941564519135224819e+07
1.128439045145200539e+10 8.087792970841093361e+07
1.153418303163437080e+10 8.236713946663160622e+07
1.178950504943962479e+10 8.388376996454022825e+07
1.205047890514253807e+10 8.542832659383568168e+07
1.231722970848440933e+10 8.700132300722490251e+07
1.258988533865052986e+10 8.860328303050099313e+07
1.286857650557451820e+10 9.023474001119913161e+07
1.315343681260044098e+10 9.189623701897372305e+07
1.344460282053154755e+10 9.358832715138594806e+07
1.374221411309675026e+10 9.531157399791671336e+07
1.404641336386684990e+10 9.706655095392239094e+07
1.435734640465118599e+10 9.885384235018898547e+07
1.467516229540923500e+10 1.006740428842339963e+08
1.500001339570883942e+10 1.025277613914955407e+08
