# M_IMBH = 1000 M_solar, rho0 = 100.00; gamma = 2.33
# First row contains values for alpha and r_t [pc]
# Remaining columns are: relative energy E [(km/s)^2], f(E) [(km/s)^-3 M_sun pc^-3]
2.000000000000000000e+00 9.999999999999999547e-07
2.655634277128883225e-01 6.944388928712770121e-15
2.722268468268254638e-01 7.397850196761061035e-15
2.790574619837960513e-01 7.882130567693394424e-15
2.860594684049511116e-01 8.399375754503066932e-15
2.932371665763765511e-01 8.951883178640559993e-15
3.005949648903608606e-01 9.542112804491107649e-15
3.081373823529386380e-01 1.017269875335488584e-14
3.158690513593688798e-01 1.084646175127547017e-14
3.237947205392560091e-01 1.156642247372516395e-14
3.319192576730583544e-01 1.233581584612911171e-14
3.402476526817779789e-01 1.315810637559411344e-14
3.487850206916651707e-01 1.403700458815231014e-14
3.575366051758226416e-01 1.497648464887027535e-14
3.665077811746371705e-01 1.598080324989340662e-14
3.757040585970167212e-01 1.705451986106258076e-14
3.851310856044619646e-01 1.820251843471696863e-14
3.947946520800485470e-01 1.943003067729074220e-14
4.047006931844527866e-01 2.074266099832844705e-14
4.148552930012031625e-01 2.214641325984233617e-14
4.252646882733973066e-01 2.364771945419787688e-14
4.359352722341794384e-01 2.525347045122021443e-14
4.468735985333306404e-01 2.697104896186992034e-14
4.580863852623834331e-01 2.880836487628701799e-14
4.695805190807337826e-01 3.077389315716285606e-14
4.813630594452826816e-01 3.287671446612272430e-14
4.934412429462078920e-01 3.512655872947580865e-14
5.058224877515259399e-01 3.753385184391257296e-14
5.185143981631763488e-01 4.010976575691838442e-14
5.315247692874244256e-01 4.286627216551141802e-14
5.448615918224536392e-01 4.581620009138717252e-14
5.585330569660847955e-01 4.897329761819141457e-14
5.725475614466387642e-01 5.235229808767907682e-14
5.869137126800318960e-01 5.596899108670912211e-14
6.016403340562709312e-01 5.984029856551850208e-14
6.167364703585948016e-01 6.398435645917739843e-14
6.322113933185914414e-01 6.842060221054400235e-14
6.480746073107019889e-01 7.316986862044443215e-14
6.643358551896088038e-01 7.825448448750092639e-14
6.810051242740934319e-01 8.369838252900342117e-14
6.980926524810390221e-01 8.952721510646557756e-14
7.156089346133451823e-01 9.576847833412863884e-14
7.335647288056164061e-01 1.024516451712889359e-13
7.519710631315844607e-01 1.096083081404186181e-13
7.708392423773197111e-01 1.172723323792474155e-13
7.901808549843953866e-01 1.254800197737383930e-13
8.100077801672664890e-01 1.342702849750191206e-13
8.303321952092341807e-01 1.436848441544842704e-13
8.511665829414801765e-01 1.537684174366809704e-13
8.725237394097596910e-01 1.645689459904962329e-13
8.944167817334666148e-01 1.761378248585136201e-13
9.168591561618926189e-01 1.885301526523377373e-13
9.398646463326347789e-01 2.018049993274947827e-13
9.634473817372157800e-01 2.160256933645057410e-13
9.876218463991242036e-01 2.312601297671306644e-13
1.012402887769597415e+00 2.475811003721298674e-13
1.037805725846618232e+00 2.650666480946628523e-13
1.063845962522717459e+00 2.838004468599537521e-13
1.090539591167331901e+00 3.038722090713731273e-13
1.117903006449596948e+00 3.253781226432626733e-13
1.145953014407611326e+00 3.484213197078225899e-13
1.174706842770351978e+00 3.731123792978996207e-13
1.204182151538589096e+00 3.995698664832720882e-13
1.234397043831285234e+00 4.279209106146281213e-13
1.265370077004157379e+00 4.583018255008823162e-13
1.297120274047213417e+00 4.908587745451875743e-13
1.329667135268277844e+00 5.257484841468569731e-13
1.363030650269672295e+00 5.631390088359381434e-13
1.397231310225411693e+00 6.032105519581330319e-13
1.432290120466456207e+00 6.461563459005775597e-13
1.468228613381745040e+00 6.921835961563485144e-13
1.505068861642942624e+00 7.415144938694989289e-13
1.542833491761009146e+00 7.943873018913312718e-13
1.581545697982934762e+00 8.510575196451697618e-13
1.621229256537157326e+00 9.117991325171184344e-13
1.661908540236429976e+00 9.769059518769798518e-13
1.703608533447088735e+00 1.046693052421329309e-12
1.746354847433933211e+00 1.121498313793014415e-12
1.790173736090126200e+00 1.201684074185036371e-12
1.835092112061790015e+00 1.287638903967649887e-12
1.881137563277188285e+00 1.379779508035060933e-12
1.928338369890658655e+00 1.478552766238917938e-12
1.976723521651689852e+00 1.584437921998626519e-12
2.026322735709822354e+00 1.697948929835948716e-12
2.077166474866300572e+00 1.819636973333266184e-12
2.129285966283686271e+00 1.950093165866160644e-12
2.182713220664935339e+00 2.089951447497180905e-12
2.237481051913695840e+00 2.239891692218135448e-12
2.293623097287929458e+00 2.400643040885312482e-12
2.351173838059205767e+00 2.572987476288440515e-12
2.410168620690384955e+00 2.757763657768845821e-12
2.470643678544672373e+00 2.955871034325910281e-12
2.532636154139396911e+00 3.168274256456982988e-12
2.596184121958165836e+00 3.396007908504173383e-12
2.661326611835421740e+00 3.640181584776874624e-12
2.728103632927746602e+00 3.901985334324050692e-12
2.796556198286654027e+00 4.182695501094037405e-12
2.866726350047947403e+00 4.483680988562879730e-12
2.938657185253121806e+00 4.806409979304383254e-12
3.012392882318662757e+00 5.152457142958589099e-12
3.087978728169515019e+00 5.523511367855074124e-12
3.165461146053358377e+00 5.921384054262523769e-12
3.244887724052803346e+00 6.348018010156625102e-12
3.326307244312987077e+00 6.805496993264601402e-12
3.409769713002559932e+00 7.296055946623936241e-12
3.495326391026423174e+00 7.822091977846887656e-12
3.583029825509108868e+00 8.386176136071555521e-12
3.672933882068118994e+00 8.991066044440444099e-12
3.765093777897073668e+00 9.639719450905140498e-12
3.859566115678950471e+00 1.033530876352783250e-11
3.956408918350274639e+00 1.108123664234031745e-11
4.055681664737584846e+00 1.188115272443855204e-11
4.157445326088101467e+00 1.273897156428249817e-11
4.261762403516980768e+00 1.365889187782167508e-11
4.368696966394199244e+00 1.464541718493338660e-11
4.478314691694624372e+00 1.570337795260002709e-11
4.590682904335431580e+00 1.683795534745696651e-11
4.705870618525672455e+00 1.805470671451353456e-11
4.823948580153357923e+00 1.935959290727351137e-11
4.944989310236103108e+00 2.075900760469188177e-11
5.069067149462014754e+00 2.225980875911550806e-11
5.196258303848205529e+00 2.386935232996056093e-11
5.326640891544922596e+00 2.559552847023965516e-11
5.460294990814094973e+00 2.744680034289372603e-11
5.597302689211716142e+00 2.943224575861750410e-11
5.737748134004318601e+00 3.156160184000134225e-11
5.881717583850464948e+00 3.384531293269260458e-11
6.029299461779011438e+00 3.629458200021307026e-11
6.180584409496679754e+00 3.892142575423004379e-11
6.335665343058312082e+00 4.173873379249561269e-11
6.494637509933965269e+00 4.476033203477963616e-11
6.657598547507914688e+00 4.800105077242773221e-11
6.824648543045504390e+00 5.147679766342431819e-11
6.995890095164638112e+00 5.520463603612259107e-11
7.171428376849728892e+00 5.920286888571899645e-11
7.351371200046735943e+00 6.349112897629784164e-11
7.535829081879016123e+00 6.809047549399906386e-11
7.724915312524617939e+00 7.302349772570202340e-11
7.918746024796765148e+00 7.831442627767927902e-11
8.117440265470190042e+00 8.398925238056130121e-11
8.321120068397181768e+00 9.007585586785882728e-11
8.529910529458220481e+00 9.660414245767686917e-11
8.743939883393263557e+00 1.036061910159524719e-10
8.963339582560845287e+00 1.111164115291351490e-10
9.188244377673367325e+00 1.191717145606687137e-10
9.418792400558157141e+00 1.278116930327283419e-10
9.655125248995172882e+00 1.370788172244481330e-10
9.897388073683396570e+00 1.470186439465503991e-10
1.014572966738935200e+01 1.576800409262098118e-10
1.040030255633252843e+01 1.691154275050154354e-10
1.066126309386377358e+01 1.813810328433537765e-10
1.092877155649428644e+01 1.945371728993965596e-10
1.120299224233408530e+01 2.086485475471069436e-10
1.148409357200048397e+01 2.237845592941540369e-10
1.177224819205849471e+01 2.400196551790496832e-10
1.206763308105677446e+01 2.574336935308748389e-10
1.237042965822413088e+01 2.761123373964737570e-10
1.268082389489343953e+01 2.961474765847263978e-10
1.299900642872131584e+01 3.176376803966644393e-10
1.332517268077383576e+01 3.406886832751403672e-10
1.365952297555003092e+01 3.654139057702984071e-10
1.400226266401703512e+01 3.919350133827203679e-10
1.435360224973232590e+01 4.203825160602928120e-10
1.471375751813066124e+01 4.508964112823802205e-10
1.508294966905494761e+01 4.836268739122597179e-10
1.546140545261258126e+01 5.187349962006100040e-10
1.584935730844062718e+01 5.563935816135387271e-10
1.624704350846536016e+01 5.967879963908637982e-10
1.665470830324396090e+01 6.401170830269809884e-10
1.707260207197805357e+01 6.865941402012682841e-10
1.750098147629142176e+01 7.414750494007238606e-10
1.794010961786616321e+01 7.953162477535261872e-10
1.839025620003431882e+01 8.530694857679293687e-10
1.885169769342396506e+01 9.150191204141362649e-10
1.932471750576174685e+01 9.814701831066011763e-10
1.980960615593591356e+01 1.057796379304498487e-09
2.030666145242703990e+01 1.134622334305942233e-09
2.081618867621571312e+01 1.217031092875049006e-09
2.133850076827975784e+01 1.305428489022502683e-09
2.187391852179604612e+01 1.400249864819137907e-09
2.242277077916493511e+01 1.501962216199765813e-09
2.298539463397845850e+01 1.616501377680965752e-09
2.356213563805613020e+01 1.733929861737282385e-09
2.415334801367567152e+01 1.859892805335976632e-09
2.475939487112889026e+01 1.995010661591801311e-09
2.538064843173651397e+01 2.139948998975463120e-09
2.601749025645868585e+01 2.300879029098239998e-09
2.667031148024178577e+01 2.468048714541909585e-09
2.733951305224525896e+01 2.647369126807068134e-09
2.802550598209636945e+01 2.839723674935554901e-09
2.872871159232355254e+01 3.046060006237422126e-09
2.944956177712398215e+01 3.286104508209328184e-09
3.018849926762407065e+01 3.524887784699700528e-09
3.094597790379546254e+01 3.781028511383074834e-09
3.172246291319430256e+01 4.055788716546765165e-09
3.251843119669407400e+01 4.350522201569702044e-09
3.333437162138825016e+01 4.666681214161929134e-09
3.417078532084234155e+01 5.005823609507646528e-09
3.502818600287946538e+01 5.369620530720034663e-09
3.590710026508907049e+01 5.759864647357848468e-09
3.680806791825226298e+01 6.178478993334907471e-09
3.773164231788210543e+01 6.627526446857260718e-09
3.867839070408323465e+01 7.109219902588416832e-09
3.964889454993870999e+01 7.625933181727598608e-09
4.064374991863868303e+01 8.180212734231117119e-09
4.166356782957009131e+01 8.774790194638081383e-09
4.270897463359178658e+01 9.412595851188100053e-09
4.378061239772625868e+01 1.009677309288374516e-08
4.487913929950388336e+01 1.083069390456165412e-08
4.600523003120157739e+01 1.161797549611670864e-08
4.715957621422499813e+01 1.246249813737846479e-08
4.834288682388766745e+01 1.336842428956578221e-08
4.955588862484895429e+01 1.434021912769089842e-08
5.079932661747785261e+01 1.538267255426621397e-08
5.207396449541634809e+01 1.650092281945196459e-08
5.338058511462447342e+01 1.770048185694790215e-08
5.471999097419374181e+01 1.898726245794351634e-08
5.609300470922546822e+01 2.036760742631656728e-08
5.750046959607624331e+01 2.184832085602055008e-08
5.894325007028032104e+01 2.343670168102764905e-08
6.042223225746803195e+01 2.514057965523328299e-08
6.193832451760580682e+01 2.696835396697037443e-08
6.349245800289149599e+01 2.892903465502153140e-08
6.508558722964906451e+01 3.103228703559094640e-08
6.671869066457217912e+01 3.328847935689160544e-08
6.839277132567814022e+01 3.570873391953450400e-08
7.010885739834087360e+01 3.830498192255022438e-08
7.186800286678035832e+01 4.109002229921224431e-08
7.367128816139835124e+01 4.407758482051659980e-08
7.551982082235562643e+01 4.728239779300182426e-08
7.741473617980022937e+01 5.072026069127732314e-08
7.935719805116374914e+01 5.440812206693604981e-08
8.134839945595328459e+01 5.836416310063411310e-08
8.338956334847925689e+01 6.260788726268401579e-08
8.548194336896870027e+01 6.716021649113053773e-08
8.762682461352426344e+01 7.204359435873386128e-08
8.982552442340417542e+01 7.728209673165919262e-08
9.207939319410500900e+01 8.290155048164477695e-08
9.438981520474672493e+01 8.892966083464547460e-08
9.675820946826823388e+01 9.539614800434608327e-08
9.918603060295495766e+01 1.023328937267908263e-07
1.016747697258353327e+02 1.097740984574487183e-07
1.042259553684937288e+02 1.177564500330420309e-07
1.068411544158626185e+02 1.263193045871506117e-07
1.095219730685707162e+02 1.355048805806211895e-07
1.122700578294369933e+02 1.453584669760835982e-07
1.150870965147196898e+02 1.559286465923089700e-07
1.179748192907370736e+02 1.672675356646739204e-07
1.209349997364988241e+02 1.794310408100680324e-07
1.239694559330025641e+02 1.924791346929533881e-07
1.270800515798605943e+02 2.064761517225536675e-07
1.302686971399444076e+02 2.214911053388520017e-07
1.335373510127526515e+02 2.375980282896278055e-07
1.368880207372185396e+02 2.548763376424445965e-07
1.403227642246973232e+02 2.734112264271685205e-07
1.438436910228941485e+02 2.932940837366511496e-07
1.474529636115032361e+02 3.146229453177664053e-07
1.511527987303581142e+02 3.375029769113613346e-07
1.549454687409058522e+02 3.620469929099727198e-07
1.588333030218457793e+02 3.883760126390233344e-07
1.628186893997842617e+02 4.166198570558353449e-07
1.669040756157870646e+02 4.469177888528960074e-07
1.710919708287325989e+02 4.794191990678840728e-07
1.753849471563841007e+02 5.142843438121667961e-07
1.797856412551293772e+02 5.516851344509190643e-07
1.842967559393622992e+02 5.918059851583159610e-07
1.889210618414939518e+02 6.348447222745648451e-07
1.936613991136159427e+02 6.810135597953921818e-07
1.985206791718647992e+02 7.305401457448849813e-07
2.035018864845513633e+02 7.836686843594434269e-07
2.086080804051598534e+02 8.406611404356645319e-07
2.138423970513370307e+02 9.017985310041552857e-07
2.192080512310327265e+02 9.673823109119514972e-07
2.247083384169665408e+02 1.037735859062221969e-06
2.303466367706368771e+02 1.113206072736077341e-06
2.361264092171199707e+02 1.194165078112239374e-06
2.420512055719247826e+02 1.281012065165746064e-06
2.481246647212140033e+02 1.374175255607580154e-06
2.543505168567349131e+02 1.474114014216079811e-06
2.607325857668237745e+02 1.581321113917865484e-06
2.672747911848951503e+02 1.696325165414975504e-06
2.739811511968634363e+02 1.819693222807755076e-06
2.808557847089651887e+02 1.952033579671155505e-06
2.879029139775064436e+02 2.093998768362391573e-06
2.951268672020820532e+02 2.246288777156105462e-06
3.025320811838687405e+02 2.409654501032896222e-06
3.101231040506144154e+02 2.584901443537418965e-06
3.179045980500008000e+02 2.772893687964694960e-06
3.258813424131028000e+02 2.974558157896630975e-06
3.340582362896902282e+02 3.190889186503332143e-06
3.424403017571814303e+02 3.422953418208436061e-06
3.510326869051021390e+02 3.671895067834972413e-06
3.598406689969328909e+02 3.938941561718956467e-06
3.688696577112913815e+02 4.225409587498846892e-06
3.781251984644487720e+02 4.532711585168206999e-06
3.876129758162054486e+02 4.862362711016726537e-06
3.973388169612305205e+02 5.215988306816048745e-06
4.073086953079998693e+02 5.595331911557755797e-06
4.175287341475434459e+02 6.002263856020917770e-06
4.280052104142408211e+02 6.438790481844503460e-06
4.387445585409801083e+02 6.907064033321948524e-06
4.497533744110575071e+02 7.409393265794261287e-06
4.610384194092287657e+02 7.948254824969836857e-06
4.726066245744072489e+02 8.526305456286681155e-06
4.844650948565691806e+02 9.146395100963690365e-06
4.966211134804624976e+02 9.811580942392556477e-06
5.090821464188084633e+02 1.052514247295866103e-05
5.218558469777522077e+02 1.129059766165216183e-05
5.349500604973594591e+02 1.211172029364565959e-05
5.483728291700622322e+02 1.299255856969607799e-05
5.621323969800018858e+02 1.393745505769634059e-05
5.762372147663177202e+02 1.495106809322712688e-05
5.906959454134731686e+02 1.603839474181087811e-05
6.055174691718146960e+02 1.720479542628974555e-05
6.207108891116432687e+02 1.845602034180126265e-05
6.362855367141261240e+02 1.979823779569105905e-05
6.522509776024943449e+02 2.123806460786761843e-05
6.686170174170557630e+02 2.278259871930419272e-05
6.853937078376112595e+02 2.443945416058807815e-05
7.025913527569821326e+02 2.621679858646018202e-05
7.202205146094539714e+02 2.812339351788339782e-05
7.382920208579992050e+02 3.016863748604843261e-05
7.568169706442741926e+02 3.236261245571580799e-05
7.758067416054892647e+02 3.471613331685377671e-05
7.952729968623093555e+02 3.724080133072600005e-05
8.152276921821028282e+02 3.994906124402952810e-05
8.356830833219171382e+02 4.285426254398567021e-05
8.566517335557188062e+02 4.597072534309311971e-05
8.781465213904891698e+02 4.931381083836014581e-05
9.001806484759283649e+02 5.289999702293194338e-05
9.227676477126442478e+02 5.674695987132382454e-05
9.459213915637716354e+02 6.087366040906336430e-05
9.696561005751434550e+02 6.530043812194668261e-05
9.939863521092647716e+02 7.004911133624245083e-05
1.018927089298418196e+03 7.514308370504622621e-05
1.044493630222418005e+03 8.060746153251567884e-05
1.070701677316666746e+03 8.646917533570385686e-05
1.097567327016254467e+03 9.275711377875890912e-05
1.125107079642058125e+03 9.950226474007587362e-05
1.153337849534884072e+03 1.067378698621494380e-04
1.182276975443917308e+03 1.144995863496171509e-04
1.211942231175811457e+03 1.228256635637501887e-04
1.242351836510983048e+03 1.317571311285166879e-04
1.273524468393834013e+03 1.413380010180101333e-04
1.305479272403734058e+03 1.516154842709096053e-04
1.338235874513827184e+03 1.626402234341495202e-04
1.371814393144910582e+03 1.744665419493831768e-04
1.406235451521740515e+03 1.871527115933108599e-04
1.441520190339377677e+03 2.007612393749081173e-04
1.477690280747377528e+03 2.153591752617921491e-04
1.514767937659745485e+03 2.310184422705364809e-04
1.552775933398881079e+03 2.478161905022246048e-04
1.591737611681847739e+03 2.658351768801078016e-04
1.631676901957616565e+03 2.851641725812908610e-04
1.672618334104024370e+03 3.058983998714990085e-04
1.714587053493502481e+03 3.281400008060755694e-04
1.757608836436858383e+03 3.519985398954186958e-04
1.801710106014538496e+03 3.775915432343650811e-04
1.846917948305120717e+03 4.050450769529827049e-04
1.893260129021039802e+03 4.344943674161836906e-04
1.940765110561697838e+03 4.660844666144889825e-04
1.989462069494462639e+03 4.999709658204855170e-04
2.039380914474330439e+03 5.363207610543153404e-04
2.090552304613180240e+03 5.753128740853358193e-04
2.143007668309969631e+03 6.171393329475967403e-04
2.196779222553382169e+03 6.620061166791047771e-04
2.251899992708855734e+03 7.101341682518680191e-04
2.308403832802058787e+03 7.617604812393947945e-04
2.366325446311312589e+03 8.171392653234627827e-04
2.425700407481769616e+03 8.765431955705107678e-04
2.486565183174358936e+03 9.402647548441320875e-04
2.548957155262954075e+03 1.008617670089042261e-03
2.612914643593570418e+03 1.081938455481841217e-03
2.678476929519599253e+03 1.160588066464342868e-03
2.745684280027576733e+03 1.244953674061680636e-03
2.814577972468360713e+03 1.335450567659924670e-03
2.885200319908798519e+03 1.432524195967502982e-03
2.957594697119513512e+03 1.536652355671680589e-03
3.031805567214817529e+03 1.648347540097312670e-03
3.107878508961008720e+03 1.768159455729764740e-03
3.185860244769879500e+03 1.896677723894497122e-03
3.265798669394684566e+03 2.034534776558334732e-03
3.347742879346076734e+03 2.182408962255816525e-03
3.431743203046140025e+03 2.341027878207278465e-03
3.517851231739095056e+03 2.511171942872130608e-03
3.606119851177536475e+03 2.693678227741822494e-03
3.696603274103771582e+03 2.889444567186232136e-03
3.789357073546124411e+03 3.099433965711254849e-03
3.884438216950774404e+03 3.324679324632123789e-03
3.981905101169948921e+03 3.566288510551774392e-03
4.081817588328025977e+03 3.825449793999883934e-03
4.184237042587649739e+03 4.103437677066370561e-03
4.289226367838292390e+03 4.401619147428233528e-03
4.396850046330483565e+03 4.721460383363009980e-03
4.507174178279512489e+03 5.064533943853716073e-03
4.620266522462776265e+03 5.432526481466104853e-03
4.736196537835776326e+03 5.827247011153475521e-03
4.855035426192410341e+03 6.250635778736661138e-03
4.976856175895604792e+03 6.704773771731630666e-03
5.101733606705211059e+03 7.191892917629905298e-03
5.229744415730795481e+03 7.714387021272606573e-03
5.360967224537364928e+03 8.274823487838648545e-03
5.495482627433112611e+03 8.875955909199742880e-03
5.633373240968709069e+03 9.520737539844168970e-03
5.774723754678734622e+03 1.021233576347033677e-02
5.919620983096184318e+03 1.095414759862985837e-02
6.068153919072108692e+03 1.174981632442809176e-02
6.220413788433232185e+03 1.260324931646213467e-02
6.376494106010918586e+03 1.351863716013983717e-02
6.536490733075984281e+03 1.450047415350468917e-02
6.700501936214768648e+03 1.555358028838547783e-02
6.868628447682378464e+03 1.668312482144732392e-02
7.040973527270296472e+03 1.789465154539401220e-02
7.217643025726465567e+03 1.919410588306770180e-02
7.398745449766556703e+03 2.058786394695573049e-02
7.584392028716553796e+03 2.208276368697720954e-02
7.774696782827424613e+03 2.368613829940268214e-02
7.969776593304061862e+03 2.540585200926848836e-02
8.169751274091241612e+03 2.725033850708911617e-02
8.374743645460788684e+03 2.922864206445313986e-02
8.584879609445326423e+03 3.135046170265849003e-02
8.800288227164617638e+03 3.362619848843145798e-02
9.021101798092167883e+03 3.606700626079448885e-02
9.247455941310892740e+03 3.868484601343635115e-02
9.479489678807478413e+03 4.149254419089152407e-02
9.717345520856728399e+03 4.450385518550504377e-02
9.961169553548499607e+03 4.773352832395485329e-02
1.021111152851066799e+04 5.119737973087605531e-02
1.046732495488347195e+04 5.491236926797266743e-02
1.072996719360155112e+04 5.889668310370472365e-02
1.099919955404186476e+04 6.316982217264847932e-02
1.127518739309647572e+04 6.775269700054657729e-02
1.155810021673124174e+04 7.266772937308693670e-02
1.184811178409296190e+04 7.793896128733973638e-02
1.214540021422856262e+04 8.359217173699097503e-02
1.245014809548200537e+04 8.965500190255148993e-02
1.276254259763639493e+04 9.615708931342625831e-02
1.308277558686966586e+04 1.031302116529584506e-01
1.341104374359471331e+04 1.106084408470995317e-01
1.374754868325654206e+04 1.186283083312603681e-01
1.409249708016015938e+04 1.272289819788939291e-01
1.444610079440567642e+04 1.364524558777429342e-01
1.480857700200822910e+04 1.463437536271169903e-01
1.518014832828313956e+04 1.569511462049954786e-01
1.556104298457763434e+04 1.683263854808099147e-01
1.595149490843340209e+04 1.805249543914869692e-01
1.635174390726632555e+04 1.936063350425636098e-01
1.676203580565110315e+04 2.076342959901218421e-01
1.718262259630145854e+04 2.226772000616940028e-01
1.761376259483900503e+04 2.388083341608649157e-01
1.805572059844520845e+04 2.561062625972839735e-01
1.850876804849416658e+04 2.746552057964271043e-01
1.897318319726646223e+04 2.945454458343886861e-01
1.944925127884574249e+04 3.158737610237858928e-01
1.993726468430362365e+04 3.387438914650859889e-01
2.043752314128000944e+04 3.632670376715059213e-01
2.095033389806978812e+04 3.895623949892793592e-01
2.147601191232821293e+04 4.177577256807997186e-01
2.201488004451116285e+04 4.479899719850937712e-01
2.256726925616956214e+04 4.804059126503960608e-01
2.313351881321893234e+04 5.151628662176187534e-01
2.371397649430926322e+04 5.524294441243865483e-01
2.430899880442370340e+04 5.923863573263565829e-01
2.491895119383632118e+04 6.352272800606117986e-01
2.554420828256387904e+04 6.811597753216440676e-01
2.618515409044991611e+04 7.304062850638735060e-01
2.684218227302153900e+04 7.832051909966574188e-01
2.751569636326449108e+04 8.398119507049673915e-01
2.820611001946450415e+04 9.005003133173840046e-01
2.891384727926786945e+04 9.655636218941318072e-01
2.963934282011636969e+04 1.035316207184197479e+00
3.038304222621689041e+04 1.110094879863742667e+00
3.114540226221028934e+04 1.190260528092121239e+00
3.192689115370652144e+04 1.276199827379918439e+00
3.272798887485883824e+04 1.368327070989332706e+00
3.354918744315426738e+04 1.467086128066685147e+00
3.439099122160029219e+04 1.572952542247375574e+00
3.525391722849385405e+04 1.686435773196165222e+00
3.613849545496361679e+04 1.808081598902790743e+00
3.704526919047923730e+04 1.938474684764921241e+00
3.797479535652819322e+04 2.078241332497044347e+00
3.892764484866574639e+04 2.228052421799875837e+00
3.990440288714681083e+04 2.388626557073543211e+00
4.090566937635613431e+04 2.560733433667734538e+00
4.193205927325672383e+04 2.745197439172815557e+00
4.298420296508404135e+04 2.942901505163930675e+00
4.406274665651648684e+04 3.154791230411436942e+00
4.516835276656047063e+04 3.381879268093831659e+00
4.630170033539492579e+04 3.625250075445723308e+00
4.746348544142330502e+04 3.886064913752733663e+00
4.865442162879012176e+04 4.165567254291801191e+00
4.987524034562540328e+04 4.465088533979894692e+00
5.112669139328462188e+04 4.786054311603596290e+00
5.240954338686067786e+04 5.129990850489751786e+00
5.372458422725184937e+04 5.498532151940599633e+00
5.507262158507366257e+04 5.893427473869992994e+00
5.645448339671354188e+04 6.316549365180142317e+00
5.787101837283156783e+04 6.769902251080011091e+00
5.932309651962154021e+04 7.255631598312159980e+00
6.081160967315025482e+04 7.776033750441438741e+00
6.233747204710423102e+04 8.333566324814881909e+00
6.390162079428139259e+04 8.930859466519390111e+00
6.550501658217036311e+04 9.570727752406053668e+00
6.714864418297198426e+04 1.025618295036491467e+01
6.883351307842665119e+04 1.099044764091398285e+01
7.056065807981645048e+04 1.177696974366583937e+01
7.233113996352427057e+04 1.261943804683104986e+01
7.414604612254130188e+04 1.352179876560526672e+01
7.600649123432059423e+04 1.448827322137563911e+01
7.791361794538886170e+04 1.552337670639366252e+01
7.986859757313558657e+04 1.663193861164257825e+01
8.187263082521256001e+04 1.781912388655560875e+01
8.392694853698306542e+04 1.909045598003140753e+01
8.603281242747462238e+04 2.045184121129301502e+01
8.819151587430156360e+04 2.190959486487497543e+01
9.040438470803000382e+04 2.347046894071898393e+01
9.267277802647474164e+04 2.514168176709109304e+01
9.499808902942982968e+04 2.693094955191825335e+01
9.738174587434229034e+04 2.884652001644321118e+01
9.982521255345591635e+04 3.089720822505242026e+01
1.023299897929659783e+05 3.309243475759685538e+01
1.048976159747330676e+05 3.544226637325703422e+01
1.075296680811255501e+05 3.795745930909647115e+01
1.102277626635682973e+05 4.064950537666742036e+01
1.129935568353961280e+05 4.353068107397419340e+01
1.158287492896175827e+05 4.661409978317380620e+01
1.187350813422159263e+05 4.991376739662425166e+01
1.217143380016304873e+05 5.344464144929190041e+01
1.247683490650708845e+05 5.722269403448076730e+01
1.278989902423394524e+05 6.126497870713138383e+01
1.311081843078545353e+05 6.558970162964492090e+01
1.343979022815776116e+05 7.021629718995860969e+01
1.377701646395718562e+05 7.516550836279570547e+01
1.412270425549377978e+05 8.045947211527547438e+01
1.447706591698836419e+05 8.612181010233078382e+01
1.484031908997153514e+05 9.217772498649583213e+01
1.521268687695442932e+05 9.865410276171873249e+01
1.559439797845380381e+05 1.055796212356408006e+02
1.598568683345503523e+05 1.129848652989227134e+02
1.638679376339953451e+05 1.209024491013607019e+02
1.679796511978536728e+05 1.293671456749975448e+02
1.721945343547109514e+05 1.384160243369130683e+02
1.765151757977607194e+05 1.480885963852834095e+02
1.809442291747278650e+05 1.584269694102351593e+02
1.854844147176826373e+05 1.694760108019058009e+02
1.901385209137491765e+05 1.812835208779793277e+02
1.949094062177382293e+05 1.939004161782582401e+02
1.998000008077490493e+05 2.073809233765557565e+02
2.048133083848242532e+05 2.217827845301346770e+02
2.099524080177586584e+05 2.371674739897897268e+02
2.152204560342014302e+05 2.536004277594909126e+02
2.206206879592054756e+05 2.711512859452603266e+02
2.261564205024179537e+05 2.898941487215722645e+02
2.318310535951367056e+05 3.099078467124164149e+02
2.376480724784757185e+05 3.312762262445003785e+02
2.436110498439260409e+05 3.540884504624053193e+02
2.497236480276309885e+05 3.784393167391725683e+02
2.559896212597153499e+05 4.044295913208166553e+02
2.624128179700531764e+05 4.321663619319659801e+02
2.689971831518965773e+05 4.617634090130666777e+02
2.757467607848061016e+05 4.933415968855277924e+02
2.826656963183773332e+05 5.270292845260859167e+02
2.897582392182924668e+05 5.629627584318557183e+02
2.970287455762512982e+05 6.012866871033011194e+02
3.044816807853927603e+05 6.421545984982810751e+02
3.121216222828438040e+05 6.857293814848627562e+02
3.199532623610893497e+05 7.321838118556584050e+02
3.279814110498783994e+05 7.817011042046236753e+02
3.362109990704419324e+05 8.344754901845116137e+02
3.446470808638427989e+05 8.907128242696305733e+02
3.532948376953059342e+05 9.506312179993097971e+02
3.621595808364410186e+05 1.014461703343792124e+03
3.712467548273189459e+05 1.082448926100299559e+03
3.805619408203922212e+05 1.154851871262735131e+03
3.901108600083203055e+05 1.231944618457804609e+03
3.998993771378108650e+05 1.314017132177634267e+03
4.099335041116217617e+05 1.401376084157056084e+03
4.202194036809479003e+05 1.494345710792538057e+03
4.307633932304506307e+05 1.593268704782213717e+03
4.415719486582687823e+05 1.698507143665746526e+03
4.526517083533773548e+05 1.810443453648741752e+03
4.640094772727447562e+05 1.929481410830805544e+03
4.756522311208005412e+05 2.056047179692015561e+03
4.875871206337647163e+05 2.190590389375065115e+03
4.998214759714776301e+05 2.333585248014896024e+03
5.123628112194368732e+05 2.485531695338910595e+03
5.252188290037888801e+05 2.646956593925113793e+03
5.383974252221173374e+05 2.818414958463888979e+03
5.519066938929456519e+05 3.000491223604700735e+03
5.657549321269091452e+05 3.193800549506313018e+03
5.799506452226695837e+05 3.398990165077448637e+03
5.945025518906872021e+05 3.616740748200482358e+03
6.094195896080778912e+05 3.847767841901179054e+03
6.247109201078211190e+05 4.092823305901469666e+03
6.403859350057011470e+05 4.352696802453722739e+03
6.564542615684489720e+05 4.628217314180972608e+03
6.729257686266050441e+05 4.920254694168407696e+03
6.898105726357438834e+05 5.229721244500611647e+03
7.071190438897988060e+05 5.557573324846627656e+03
7.248618128902752651e+05 5.904812972233382425e+03
7.430497768752786797e+05 6.272489578002424423e+03
7.616941065123789012e+05 6.661701538501156392e+03
7.808062527593954001e+05 7.073597956041418001e+03
8.003979538973392919e+05 7.509380344929521016e+03
8.204812427398139844e+05 7.970304336421892913e+03
8.410684540233272128e+05 8.457681407067750115e+03
8.621722319830245106e+05 8.972880596417940978e+03
8.838055381185085280e+05 9.517330226066913383e+03
9.059816591545316624e+05 1.009251961259180462e+04
9.287142152014204767e+05 1.070000076624648864e+04
9.520171681202563923e+05 1.134139007583661623e+04
9.759048300979707856e+05 1.201836995738180121e+04
1.000391872437585611e+06 1.273269050483322280e+04
1.025493334569015657e+06 1.348617106670113208e+04
1.051224633285983000e+06 1.428070181214580043e+04
1.077601572214683518e+06 1.511824523188709463e+04
1.104640351520046359e+06 1.600083760538536990e+04
1.132357577855529031e+06 1.693059038308003073e+04
1.160770274562590290e+06 1.790969152244177894e+04
1.189895892126064282e+06 1.894040673914637591e+04
1.219752318891876377e+06 2.002508068374653158e+04
1.250357892053706106e+06 2.116613802812962604e+04
1.281731408915301086e+06 2.236608445887225753e+04
1.313892138435381465e+06 2.362750756927274051e+04
1.346859833062245511e+06 2.495307764333301020e+04
1.380654740865305532e+06 2.634554833282954132e+04
1.415297617971018888e+06 2.780775720309119060e+04
1.450809741310884478e+06 2.934262616358604646e+04
1.487212921689278446e+06 3.095316176422789795e+04
1.524529517179201357e+06 3.264245535317885879e+04
1.562782446854125708e+06 3.441368310086507699e+04
1.601995204864431871e+06 3.627010587110341294e+04
1.642191874867015518e+06 3.821506894974746683e+04
1.683397144816955086e+06 4.025200162392765924e+04
1.725636322130359709e+06 4.238441660268596024e+04
1.768935349227644969e+06 4.461590929560095537e+04
1.813320819466814399e+06 4.695015688102050626e+04
1.858819993476566859e+06 4.939091735393618001e+04
1.905460815899193985e+06 5.194202824296508334e+04
1.953271932553583989e+06 5.460740530879635480e+04
2.002282708028909285e+06 5.739104104102717974e+04
2.052523243719731458e+06 6.029700301683135331e+04
2.104024396313636564e+06 6.332943212413410947e+04
2.156817796742793173e+06 6.649254065202864876e+04
2.210935869610994589e+06 6.979061023997940356e+04
2.266411853108179290e+06 7.322798973575014679e+04
2.323279819424617104e+06 7.680909291848607245e+04
2.381574695677363314e+06 8.053839615042475634e+04
2.441332285361751914e+06 8.442043583918486547e+04
2.502589290341136511e+06 8.845980606476331013e+04
2.565383333388442174e+06 9.266115582811139757e+04
2.629752981293268036e+06 9.702918648470408516e+04
2.695737768548790365e+06 1.015686490501429944e+05
2.763378221633053850e+06 1.062843414997132204e+05
2.832715883899470791e+06 1.111811060649788124e+05
2.903793341091866139e+06 1.162638265543778543e+05
2.976654247499783523e+06 1.215374256657460937e+05
3.051343352770016063e+06 1.270068624012933287e+05
3.127906529390917625e+06 1.326771295002301049e+05
3.206390800866301171e+06 1.385532509777305531e+05
3.286844370596329216e+06 1.446402797382028657e+05
3.369316651483019348e+06 1.509432953437462274e+05
3.453858296278593130e+06 1.574674018874194007e+05
3.540521228695380501e+06 1.642177260228475207e+05
3.629358675296260510e+06 1.711994151746147836e+05
3.720425198185279500e+06 1.784176359258869779e+05
3.813776728518601041e+06 1.858775726012202213e+05
3.909470600856232457e+06 1.935844260848267295e+05
4.007565588375689462e+06 2.015434128268837521e+05
4.108121938969301526e+06 2.097597641358437832e+05
4.211201412247178145e+06 2.182387256983321568e+05
4.316867317468684167e+06 2.269855573743085552e+05
4.425184552425636910e+06 2.360055332412558782e+05
4.536219643301218748e+06 2.453039419476540643e+05
4.650040785528949462e+06 2.548860873667677806e+05
4.766717885676863603e+06 2.647572894988473272e+05
4.886322604382724501e+06 2.749228857150637778e+05
5.008928400366463698e+06 2.853882322812577477e+05
5.134610575546957552e+06 2.961587061914682854e+05
5.263446321290956810e+06 3.072397073020220269e+05
5.395514765822379850e+06 3.186366607564234873e+05
5.530897022821185179e+06 3.303550197225636803e+05
5.669676241241761483e+06 3.424002684190236032e+05
5.811937656381234527e+06 3.547779254162407597e+05
5.957768642229232006e+06 3.674935472493808484e+05
6.107258765131113119e+06 3.805527322924140026e+05
6.260499838797819801e+06 3.939611248827548698e+05
6.417585980695902370e+06 4.077244197278358624e+05
6.578613669852468185e+06 4.218483665429597022e+05
6.743681806110654026e+06 4.363387748919340083e+05
6.912891770871812478e+06 4.512015193421952426e+05
7.086347489361807704e+06 4.664425447138893069e+05
7.264155494459796697e+06 4.820678716153712012e+05
7.446424992128464393e+06 4.980836020754470956e+05
7.633267928485994227e+06 5.144959254323777859e+05
7.824799058561127633e+06 5.313111243285293458e+05
8.021136016773245297e+06 5.485355808618025621e+05
8.222399389181002975e+06 5.661757828369149938e+05
8.428712787543699145e+06 5.842383302365324926e+05
8.640202925241142511e+06 6.027299416113793850e+05
8.856999695098306984e+06 6.216574607277860632e+05
9.079236249162741005e+06 6.410278631723645376e+05
9.307049080483881757e+06 6.608482631058366969e+05
9.540578106944181025e+06 6.811259200218709884e+05
9.779966757193686441e+06 7.018682454805758316e+05
1.002536205874103867e+07 7.230828100803277921e+05
1.027691472825463861e+07 7.447773501872132765e+05
1.053477926412961632e+07 7.669597748633669689e+05
1.079911404137764126e+07 7.896381727595296688e+05
1.107008140889745951e+07 8.128208188631159719e+05
1.134784778918624483e+07 8.365161817211942980e+05
1.163258378055272996e+07 8.607329297938911477e+05
1.192446426189525239e+07 8.854799385975728510e+05
1.222366850010866672e+07 9.107662976900426438e+05
1.253038026018623821e+07 9.366013168122841744e+05
1.284478791808442585e+07 9.629945333323250525e+05
1.316708457641937025e+07 9.899557185649210587e+05
1.349746818306642026e+07 1.017494884644349921e+06
1.383614165273573808e+07 1.045622291160559515e+06
1.418331299159819260e+07 1.074348451723521110e+06
1.453919542503832653e+07 1.103684140752081759e+06
1.490400752861309797e+07 1.133640400039736647e+06
1.527797336229630746e+07 1.164228544964334927e+06
1.566132260809161887e+07 1.195460171923428075e+06
1.605429071109831892e+07 1.227347164017937379e+06
1.645711902411697060e+07 1.259901698025192367e+06
1.687005495588316396e+07 1.293136250872204546e+06
1.729335212302069739e+07 1.327063606236021034e+06
1.772727050580780953e+07 1.361696860944670159e+06
1.817207660785153508e+07 1.397049431788626593e+06
1.862804361976854503e+07 1.433135062051593792e+06
1.909545158697333559e+07 1.469967828079193830e+06
1.957458758167615905e+07 1.507562145983923227e+06
2.006574587919667363e+07 1.545932778448990546e+06
2.056922813870191202e+07 1.585094841681181220e+06
2.108534358847894520e+07 1.625063811657911632e+06
2.161440921585629508e+07 1.665855531722367741e+06
2.215674996189118922e+07 1.707486219199954066e+06
2.271269892094140872e+07 1.749972472566232784e+06
2.328259754524495453e+07 1.793331278550889343e+06
2.386679585463270918e+07 1.837580019439590164e+06
2.446565265150358900e+07 1.882736480387683725e+06
2.507953574119332433e+07 1.928818857079389738e+06
2.570882215787268803e+07 1.975845763132044114e+06
2.635389839611428976e+07 2.023836237863863586e+06
2.701516064826932549e+07 2.072809754375297809e+06
2.769301504780042171e+07 2.122786227285722271e+06
2.838787791872094944e+07 2.173786021108175162e+06
2.910017603129177541e+07 2.225829958543542307e+06
2.983034686413501203e+07 2.278939328921616543e+06
3.057883887292458117e+07 2.333135897079696413e+06
3.134611176581762731e+07 2.388441911767181475e+06
3.213263678579800203e+07 2.444880115194661543e+06
3.293889700010425970e+07 2.502473751896771602e+06
3.376538759691870213e+07 2.561246578439404722e+06
3.461261618950197101e+07 2.621222872960977722e+06
3.548110312795896083e+07 2.682427444754243828e+06
3.637138181882613897e+07 2.744885645181987900e+06
3.728399905267909169e+07 2.808623376836878248e+06
3.821951533996036649e+07 2.873667104967956897e+06
3.917850525523234904e+07 2.940043867950874846e+06
4.016155779006940871e+07 3.007781288900640327e+06
4.116927671480472386e+07 3.076907584446399007e+06
4.220228094935241342e+07 3.147451580903028138e+06
4.326120494333571941e+07 3.219442721720716450e+06
4.434669906575324386e+07 3.292911081559739541e+06
4.545943000442095101e+07 3.367887378333431669e+06
4.660008117543838918e+07 3.444402985828772653e+06
4.776935314292921871e+07 3.522489946717183571e+06
4.896796404931166023e+07 3.602180985340403393e+06
5.019665005636816472e+07 3.683509521850537974e+06
5.145616579737923294e+07 3.766509685664685443e+06
5.274728484060393274e+07 3.851216329635964241e+06
5.407080016439010203e+07 3.937665044652771205e+06
5.542752464420372993e+07 4.025892174322966021e+06
5.681829155188076943e+07 4.115934830083663575e+06
5.824395506740596145e+07 4.207830906668991782e+06
5.970539080353099108e+07 4.301619097898179665e+06
6.120349634355819225e+07 4.397338912818815559e+06
6.273919179261824489e+07 4.495030692721148022e+06
6.431342034277803451e+07 4.594735626168393530e+06
6.592714885233023763e+07 4.696495769398500212e+06
6.758136843961831927e+07 4.800354061142982915e+06
6.927709509175910056e+07 4.906354341998673044e+06
7.101537028864161670e+07 5.014541372400260530e+06
7.279726164258320630e+07 5.124960852051013149e+06
7.462386355403290689e+07 5.237659437852649949e+06
7.649629788373030722e+07 5.352684765611612238e+06
7.841571464172981679e+07 5.470085468093755655e+06
8.038329269371099770e+07 5.589911198345432989e+06
8.240024048501421511e+07 5.712212642021295615e+06
8.446779678284341097e+07 5.837041555256183259e+06
8.658723143708918989e+07 5.964450770429514349e+06
8.875984616024495661e+07 6.094494225958171301e+06
9.098697532689273357e+07 6.227226988771159202e+06
9.326998679324591160e+07 6.362705276263105683e+06
9.561028273725910485e+07 6.500986481038735248e+06
9.800930051981765032e+07 6.642129194853912108e+06
1.004685135675320327e+08 6.786193231580972672e+06
1.029894322776888013e+08 6.933239659322935157e+06
1.055736049459022582e+08 7.083330820053830743e+06
1.082226187170464545e+08 7.236530351253961213e+06
1.109381005600477606e+08 7.392903226781154983e+06
1.137217182671326250e+08 7.552515773907452822e+06
1.165751814781518877e+08 7.715435704981464893e+06
1.195002427306074500e+08 7.881732145496572368e+06
1.224986985360212773e+08 8.051475663839008659e+06
1.255723904833166301e+08 8.224738301104499958e+06
1.287232063698851466e+08 8.401593601936316118e+06
1.319530813610294461e+08 8.582116645608158782e+06
1.352639991785027683e+08 8.766384078031118959e+06
1.386579933188710809e+08 8.954474144301246852e+06
1.421371483024409115e+08 9.146466722502494231e+06
1.457036009535298645e+08 9.342443357097512111e+06
1.493595417128611505e+08 9.542487293830135837e+06
1.531072159828830957e+08 9.746683515016008168e+06
1.569489255068501532e+08 9.955118776111057028e+06
1.608870297825073302e+08 1.016788164236080088e+07
1.649239475112408102e+08 1.038506252652526833e+07
1.690621580835955739e+08 1.060675372774713300e+07
1.733042031020674109e+08 1.083304947029748186e+07
1.776526879420978725e+08 1.106404594423029386e+07
1.821102833522436619e+08 1.129984134607145749e+07
1.866797270944966972e+08 1.154053592112832330e+07
1.913638256257551312e+08 1.178623200571433641e+07
1.961654558214968145e+08 1.203703407088181004e+07
2.010875667426904738e+08 1.229304876435011998e+07
2.061331814470497668e+08 1.255438496941846982e+07
2.113053988457347453e+08 1.282115382254429907e+07
2.166073956066333354e+08 1.309346879272040352e+07
2.220424281054067910e+08 1.337144571162640490e+07
2.276138344254904389e+08 1.365520282688687369e+07
2.333250364082694054e+08 1.394486085297305509e+07
2.391795417547046244e+08 1.424054302283846587e+07
2.451809461796926558e+08 1.454237513992773928e+07
2.513329356204727292e+08 1.485048563221942261e+07
2.576392885004552603e+08 1.516500560679966584e+07
2.641038780498538315e+08 1.548606890564171225e+07
2.707306746845359802e+08 1.581381216301856376e+07
2.775237484445726871e+08 1.614837486292235367e+07
2.844872714939756393e+08 1.648989939992054738e+07
2.916255206831462383e+08 1.683853113890582323e+07
2.989428801756311655e+08 1.719441847687210515e+07
3.064438441407877207e+08 1.755771290690673515e+07
3.141330195140016675e+08 1.792856908255197853e+07
3.220151288261739612e+08 1.830714488353852555e+07
3.300950131042049527e+08 1.869360148360290006e+07
3.383776348442438245e+08 1.908810341851969063e+07
3.468680810595541596e+08 1.949081865708350763e+07
3.555715664048553109e+08 1.990191867230523005e+07
3.644934363790446520e+08 2.032157851390679553e+07
3.736391706083028316e+08 2.074997688442082703e+07
3.830143862115554810e+08 2.118729621402265504e+07
3.926248412503945231e+08 2.163372273878180981e+07
4.024764382655643821e+08 2.208944658122401685e+07
4.125752279021695256e+08 2.255466182850882038e+07
4.229274126258590221e+08 2.302956661882667616e+07
4.335393505322566628e+08 2.351436322300985828e+07
4.444175592519602180e+08 2.400925813262776658e+07
4.555687199535388350e+08 2.451446214744750038e+07
4.669996814469731450e+08 2.503019046454557404e+07
4.787174643900401592e+08 2.555666277201453224e+07
4.907292656002599001e+08 2.609410334039765596e+07
5.030424624750365019e+08 2.664274111996151879e+07
5.156646175226898193e+08 2.720280983710293844e+07
5.286034830071958303e+08 2.777454809534697980e+07
5.418670057094717026e+08 2.835819947609496489e+07
5.554633318081099987e+08 2.895401264235928655e+07
5.694008118825974464e+08 2.956224144612767920e+07
5.836880060420736074e+08 3.018314503525476530e+07
5.983336891827572584e+08 3.081698796430442110e+07
6.133468563773113489e+08 3.146404030984249711e+07
6.287367283994358778e+08 3.212457777999726683e+07
6.445127573870600462e+08 3.279888183857778087e+07
6.606846326476547718e+08 3.348723982000228763e+07
6.772622866092115641e+08 3.418994505500624329e+07
6.942559009205161333e+08 3.490729699313716590e+07
7.116759127045122385e+08 3.563960133332335949e+07
7.295330209685732126e+08 3.638717015301962942e+07
7.478381931755888462e+08 3.715032203857286274e+07
7.666026719799753428e+08 3.792938222619725019e+07
7.858379821326581240e+08 3.872468273768202960e+07
8.055559375593414307e+08 3.953656252171120793e+07
8.257686486163853407e+08 4.036536759906004369e+07
8.464885295287137032e+08 4.121145121239884943e+07
8.677283060143815279e+08 4.207517397066751868e+07
8.895010231004557610e+08 4.295690401419419795e+07
9.118200531349778175e+08 4.385701715617495030e+07
9.346991039999898672e+08 4.477589705645152926e+07
9.581522275306420326e+08 4.571393537905079871e+07
9.821938281455132961e+08 4.667153195918697119e+07
1.006838671693514943e+09 4.764909497650007159e+07
1.032101894522779703e+09 4.864704112471386790e+07
1.057999012777065754e+09 4.966579579454457760e+07
1.084545931925460339e+09 5.070579325119014829e+07
1.111758956531199455e+09 5.176747682227338850e+07
1.139654800265565157e+09 5.285129908501878381e+07
1.168250596173084259e+09 5.395772205970363319e+07
1.197563907194302082e+09 5.508721740889560431e+07
1.227612736952545643e+09 5.624026663432349265e+07
1.258415540811385870e+09 5.741736128552842885e+07
1.289991237209552526e+09 5.861900316824889928e+07
1.322359219280213356e+09 5.984570458881035447e+07
1.355539366761847258e+09 6.109798841867386550e+07
1.389552058207979202e+09 6.237638863451575488e+07
1.424418183503225803e+09 6.368145020971876383e+07
1.460159156693469524e+09 6.501372955336966366e+07
1.496796929137878895e+09 6.637379464580278844e+07
1.534354002990991354e+09 6.776222534434102476e+07
1.572853445023086071e+09 6.917961359946618974e+07
1.612318900787274599e+09 7.062656371032768488e+07
1.652774609142124653e+09 7.210369258823221922e+07
1.694245417138679743e+09 7.361163002053548396e+07
1.736756795280960798e+09 7.515101892381954193e+07
1.780334853169435740e+09 7.672251564191453159e+07
1.825006355537013531e+09 7.832679020827807486e+07
1.870798738687340736e+09 7.996452663644829392e+07
1.917740127345626831e+09 8.163642321496535838e+07
1.965859351932287216e+09 8.334319280118715763e+07
2.015185966269938707e+09 8.508556312614491582e+07
2.065750265734762430e+09 8.686427710863780975e+07
2.117583305863316536e+09 8.868009316817001998e+07
2.170716921426148891e+09 9.053378554937864840e+07
2.225183745980071545e+09 9.242614465294976532e+07
2.281017231911037445e+09 9.435797737053570151e+07
2.338251670979844570e+09 9.633010743001994491e+07
2.396922215383443356e+09 9.834337575177460909e+07
2.457064899344712257e+09 1.003986407949175686e+08
2.518716661243867397e+09 1.024967789363322854e+08
2.581915366305272102e+09 1.046386848398048580e+08
2.646699829853497982e+09 1.068252718676074445e+08
2.713109841152813911e+09 1.090574723088806719e+08
2.781186187845006943e+09 1.113362381101918221e+08
2.850970681000221729e+09 1.136625409352659881e+08
2.922506180796480656e+09 1.160373727754978836e+08
2.995836622843545437e+09 1.184617463130944073e+08
3.071007045167179585e+09 1.209366953470830470e+08
3.148063615870597839e+09 1.234632752654920518e+08
3.227053661489990711e+09 1.260425634701216668e+08
3.308025696061417103e+09 1.286756598493571281e+08
3.391029450917149067e+09 1.313636872350074351e+08
3.476115905229659557e+09 1.341077918931317329e+08
3.563337317321884155e+09 1.369091440063969195e+08
3.652747256763229847e+09 1.397689381725318134e+08
3.744400637270931721e+09 1.426883939197353125e+08
3.838353750436822891e+09 1.456687562241739929e+08
3.934664300300496578e+09 1.487112960350066423e+08
4.033391438789971352e+09 1.518173108261958361e+08
4.134595802051474571e+09 1.549881251422473490e+08
4.238339547690942287e+09 1.582250911747545898e+08
4.344686392949975967e+09 1.615295893078245819e+08
4.453701653839538574e+09 1.649030287544264197e+08
4.565452285255734444e+09 1.683468481184939444e+08
4.680006922102163315e+09 1.718625160212441683e+08
4.797435921443935394e+09 1.754515316891123652e+08
4.917811405719563484e+09 1.791154257507445216e+08
5.041207307037119865e+09 1.828557606908001304e+08
5.167699412581675529e+09 1.866741315241996050e+08
5.297365411162261009e+09 1.905721667071757615e+08
5.430284940926776886e+09 1.945515285758634806e+08
5.566539638273931503e+09 1.986139141628864110e+08
5.706213187992785454e+09 2.027610559303425550e+08
5.849391374660045624e+09 2.069947224774560034e+08
5.996162135327226639e+09 2.113167193194233179e+08
6.146615613529823303e+09 2.157288896303723454e+08
6.300844214651443481e+09 2.202331150509144962e+08
6.458942662677336693e+09 2.248313164901621640e+08
6.621008058371963501e+09 2.295254549355386496e+08
6.787139938916104317e+09 2.343175322917613983e+08
6.957440339040589333e+09 2.392095922324351966e+08
7.132013853693989754e+09 2.442037210834382474e+08
7.310967702282476425e+09 2.493020487077030540e+08
7.494411794521824837e+09 2.545067493950074911e+08
7.682458797941761971e+09 2.598200428200304210e+08
7.875224207083821297e+09 2.652441949663453400e+08
8.072826414435771942e+09 2.707815191024467349e+08
8.275386783145911217e+09 2.764343767600106597e+08
8.483029721561576843e+09 2.822051787577885985e+08
8.695882759638252258e+09 2.880963862028496861e+08
8.914076627265911102e+09 2.941105115781977177e+08
9.137745334560371399e+09 3.002501197610655427e+08
9.367026254169610977e+09 3.065178291958297491e+08
9.602060205645298004e+09 3.129163128885661364e+08
9.842991541930994034e+09 3.194482997358868122e+08
1.008996823802081490e+10 3.261165754845126867e+08
1.034314198184272194e+10 3.329239839494243860e+08
1.060266826742178154e+10 3.398734286308057904e+08
1.086870649038168335e+10 3.469678730815460086e+08
1.114142004584190750e+10 3.542103430797330141e+08
1.142097642877171898e+10 3.616039274062849879e+08
1.170754733686221504e+10 3.691517792967338562e+08
1.200130877597919464e+10 3.768571178552637100e+08
1.230244116826240921e+10 3.847232292641483545e+08
1.261112946293722916e+10 3.927534683281290531e+08
1.292756324990630150e+10 4.009512598152433038e+08
1.325193687619184113e+10 4.093201000263640881e+08
1.358444956529969025e+10 4.178635581531504989e+08
1.392530553957790184e+10 4.265852777701981068e+08
1.427471414564600563e+10 4.354889792679315805e+08
1.463288998297149849e+10 4.445784571622205377e+08
1.500005303567201614e+10 4.538576037686803937e+08
